日期,股票代码,开盘,收盘,最高,最低,成交量,成交额,振幅,涨跌幅,涨跌额,换手率
1996-08-08,600740,0.62,0.58,0.63,0.56,144787,147834000.0,31.82,163.64,0.36,57.91
1996-08-09,600740,0.57,0.59,0.6,0.56,46724,47478000.0,6.9,1.72,0.01,18.69
1996-08-12,600740,0.62,0.64,0.67,0.61,63714,69023000.0,10.17,8.47,0.05,25.49
1996-08-13,600740,0.64,0.63,0.65,0.59,31556,33182000.0,9.38,-1.56,-0.01,12.62
1996-08-14,600740,0.64,0.64,0.67,0.63,44684,48340000.0,6.35,1.59,0.01,17.87
1996-08-15,600740,0.63,0.62,0.64,0.61,16744,17744000.0,4.69,-3.13,-0.02,6.7
1996-08-16,600740,0.61,0.59,0.61,0.57,16888,17181000.0,6.45,-4.84,-0.03,6.76
1996-08-19,600740,0.6,0.6,0.62,0.6,17287,18020000.0,3.39,1.69,0.01,6.91
1996-08-20,600740,0.61,0.59,0.61,0.57,8866,9067000.0,6.67,-1.67,-0.01,3.55
1996-08-21,600740,0.6,0.6,0.62,0.59,20010,20869000.0,5.08,1.69,0.01,8.0
1996-08-22,600740,0.61,0.61,0.64,0.59,20197,21077000.0,8.33,1.67,0.01,8.08
1996-08-23,600740,0.62,0.59,0.62,0.58,14656,15066000.0,6.56,-3.28,-0.02,5.86
1996-08-26,600740,0.59,0.5,0.59,0.49,19061,18165000.0,16.95,-15.25,-0.09,7.62
1996-08-27,600740,0.49,0.5,0.5,0.44,16270,14357000.0,12.0,0.0,0.0,6.51
1996-08-28,600740,0.51,0.55,0.55,0.49,15896,14643000.0,12.0,10.0,0.05,6.36
1996-08-29,600740,0.56,0.61,0.63,0.56,52348,54059000.0,12.73,10.91,0.06,20.94
1996-08-30,600740,0.61,0.61,0.63,0.59,23780,24827000.0,6.56,0.0,0.0,9.51
1996-09-02,600740,0.63,0.62,0.68,0.62,26253,28427000.0,9.84,1.64,0.01,10.5
1996-09-03,600740,0.62,0.61,0.65,0.6,16736,17810000.0,8.06,-1.61,-0.01,6.69
1996-09-04,600740,0.6,0.64,0.65,0.59,19072,20300000.0,9.84,4.92,0.03,7.63
1996-09-05,600740,0.66,0.64,0.7,0.64,40865,45572000.0,9.38,0.0,0.0,16.35
1996-09-06,600740,0.65,0.65,0.67,0.64,23225,25310000.0,4.69,1.56,0.01,9.29
1996-09-09,600740,0.66,0.7,0.7,0.66,34883,39273000.0,6.15,7.69,0.05,13.95
1996-09-10,600740,0.68,0.61,0.68,0.6,24459,26189000.0,11.43,-12.86,-0.09,9.78
1996-09-11,600740,0.6,0.61,0.62,0.56,13465,13742000.0,9.84,0.0,0.0,5.39
1996-09-12,600740,0.6,0.57,0.61,0.56,12206,12277000.0,8.2,-6.56,-0.04,4.88
1996-09-13,600740,0.57,0.6,0.6,0.56,6413,6442000.0,7.02,5.26,0.03,2.57
1996-09-16,600740,0.59,0.58,0.6,0.57,5650,5695000.0,5.0,-3.33,-0.02,2.26
1996-09-17,600740,0.59,0.58,0.6,0.57,6027,6101000.0,5.17,0.0,0.0,2.41
1996-09-18,600740,0.59,0.56,0.59,0.54,7252,7198000.0,8.62,-3.45,-0.02,2.9
1996-09-19,600740,0.54,0.56,0.56,0.53,5174,4986000.0,5.36,0.0,0.0,2.07
1996-09-20,600740,0.56,0.6,0.63,0.55,6649,6704000.0,14.29,7.14,0.04,2.66
1996-09-23,600740,0.62,0.68,0.69,0.6,41243,44877000.0,15.0,13.33,0.08,16.5
1996-09-24,600740,0.7,0.72,0.76,0.69,65392,76802000.0,10.29,5.88,0.04,26.16
1996-09-25,600740,0.73,0.74,0.77,0.72,49911,59619000.0,6.94,2.78,0.02,19.96
1996-09-26,600740,0.75,0.78,0.78,0.74,33696,41006000.0,5.41,5.41,0.04,13.48
1996-09-27,600740,0.8,0.76,0.82,0.74,39506,48688000.0,10.26,-2.56,-0.02,15.8
1996-10-03,600740,0.78,0.78,0.82,0.77,37453,46924000.0,6.58,2.63,0.02,14.98
1996-10-04,600740,0.71,0.73,0.74,0.71,29731,34620000.0,3.85,-6.41,-0.05,11.89
1996-10-07,600740,0.72,0.69,0.72,0.67,13381,15040000.0,6.85,-5.48,-0.04,5.35
1996-10-08,600740,0.68,0.69,0.73,0.68,6422,7307000.0,7.25,0.0,0.0,2.57
1996-10-09,600740,0.7,0.67,0.7,0.66,9558,10656000.0,5.8,-2.9,-0.02,3.82
1996-10-10,600740,0.68,0.71,0.71,0.67,9963,11368000.0,5.97,5.97,0.04,3.99
1996-10-11,600740,0.71,0.73,0.74,0.71,15686,18315000.0,4.23,2.82,0.02,6.27
1996-10-14,600740,0.73,0.78,0.78,0.71,24306,29366000.0,9.59,6.85,0.05,9.72
1996-10-15,600740,0.77,0.82,0.82,0.76,32146,40649000.0,7.69,5.13,0.04,12.86
1996-10-16,600740,0.82,0.86,0.87,0.82,33788,44326000.0,6.1,4.88,0.04,13.52
1996-10-17,600740,0.86,1.1,1.11,0.86,60281,88674000.0,29.07,27.91,0.24,24.11
1996-10-18,600740,1.09,1.25,1.26,1.03,62366,102833000.0,20.91,13.64,0.15,24.95
1996-10-21,600740,1.23,1.19,1.31,1.13,35264,60571000.0,14.4,-4.8,-0.06,14.11
1996-10-22,600740,1.13,1.17,1.24,1.1,20605,34862000.0,11.76,-1.68,-0.02,8.24
1996-10-23,600740,1.19,1.22,1.26,1.17,14033,24414000.0,7.69,4.27,0.05,5.61
1996-10-24,600740,1.23,1.2,1.29,1.16,15301,26835000.0,10.66,-1.64,-0.02,6.12
1996-10-25,600740,1.19,1.49,1.52,1.19,38561,74850000.0,27.5,24.17,0.29,15.42
1996-10-28,600740,1.49,1.54,1.56,1.41,32689,68128000.0,10.07,3.36,0.05,13.08
1996-10-29,600740,1.53,1.47,1.54,1.45,19677,40291000.0,5.84,-4.55,-0.07,7.87
1996-10-30,600740,1.48,1.45,1.51,1.43,9857,19797000.0,5.44,-1.36,-0.02,3.94
1996-10-31,600740,1.46,1.59,1.62,1.46,6435,13650000.0,11.03,9.66,0.14,2.57
1996-11-01,600740,1.56,1.54,1.58,1.45,6564,13811000.0,8.18,-3.14,-0.05,2.63
1996-11-04,600740,1.58,1.49,1.58,1.47,3481,7227000.0,7.14,-3.25,-0.05,1.39
1996-11-05,600740,1.5,1.5,1.52,1.47,2200,4511000.0,3.36,0.67,0.01,0.88
1996-11-06,600740,1.49,1.47,1.49,1.42,2367,4749000.0,4.67,-2.0,-0.03,0.95
1996-11-07,600740,1.45,1.56,1.56,1.45,34232,71749000.0,7.48,6.12,0.09,13.69
1996-11-08,600740,1.54,1.59,1.61,1.53,25207,54309000.0,5.13,1.92,0.03,10.08
1996-11-11,600740,1.58,1.6,1.63,1.57,7477,16316000.0,3.77,0.63,0.01,2.99
1996-11-12,600740,1.58,1.61,1.61,1.58,3265,7070000.0,1.88,0.63,0.01,1.31
1996-11-13,600740,1.59,1.63,1.63,1.59,2809,6122000.0,2.48,1.24,0.02,1.12
1996-11-14,600740,1.61,1.66,1.66,1.59,6193,13585000.0,4.29,1.84,0.03,2.48
1996-11-15,600740,1.64,1.89,1.96,1.63,15786,37754000.0,19.88,13.86,0.23,6.31
1996-11-18,600740,1.87,1.85,1.87,1.8,7438,18214000.0,3.7,-2.12,-0.04,2.98
1996-11-19,600740,1.83,1.84,1.86,1.8,3899,9548000.0,3.24,-0.54,-0.01,1.56
1996-11-20,600740,1.82,1.84,1.86,1.8,3530,8608000.0,3.26,0.0,0.0,1.41
1996-11-21,600740,1.83,1.8,1.85,1.61,10138,24793000.0,13.04,-2.17,-0.04,4.06
1996-11-22,600740,1.77,1.77,1.8,1.73,11376,26970000.0,3.89,-1.67,-0.03,4.55
1996-11-25,600740,1.78,1.76,1.79,1.74,2261,5312000.0,2.82,-0.56,-0.01,0.9
1996-11-26,600740,1.76,1.76,1.83,1.75,3813,9024000.0,4.55,0.0,0.0,1.53
1996-11-27,600740,1.76,1.89,1.91,1.76,12419,30409000.0,8.52,7.39,0.13,4.97
1996-11-29,600740,1.84,1.92,1.98,1.78,16557,41555000.0,10.58,1.59,0.03,6.62
1996-12-02,600740,2.13,2.04,2.14,1.94,13427,35752000.0,10.42,6.25,0.12,5.37
1996-12-03,600740,1.98,2.01,2.02,1.96,2727,7148000.0,2.94,-1.47,-0.03,1.09
1996-12-04,600740,1.98,2.03,2.03,1.98,5282,13958000.0,2.49,1.0,0.02,2.11
1996-12-05,600740,2.0,2.09,2.12,2.0,20673,55833000.0,5.91,2.96,0.06,8.27
1996-12-06,600740,2.04,2.08,2.2,1.99,15518,42554000.0,10.05,-0.48,-0.01,6.21
1996-12-09,600740,2.17,2.34,2.34,2.15,69107,101388000.0,9.13,12.5,0.26,13.82
1996-12-10,600740,2.34,2.31,2.38,2.24,48120,71902000.0,5.98,-1.28,-0.03,9.62
1996-12-11,600740,2.31,2.24,2.31,2.2,99810,144874000.0,4.76,-3.03,-0.07,19.96
1996-12-12,600740,2.26,2.12,2.27,2.04,58359,81981000.0,10.27,-5.36,-0.12,11.67
1996-12-13,600740,2.11,1.97,2.11,1.89,78595,102331000.0,10.38,-7.08,-0.15,15.72
1996-12-16,600740,1.74,1.74,1.74,1.74,2178,2543000.0,0.0,-11.68,-0.23,0.44
1996-12-17,600740,1.54,1.54,1.67,1.54,16147,17148000.0,7.47,-11.49,-0.2,3.23
1996-12-18,600740,1.38,1.65,1.66,1.36,47739,49900000.0,19.48,7.14,0.11,9.55
1996-12-19,600740,1.64,1.46,1.65,1.46,47373,49498000.0,11.52,-11.52,-0.19,9.47
1996-12-20,600740,1.45,1.28,1.49,1.28,57330,52701000.0,14.38,-12.33,-0.18,11.47
1996-12-23,600740,1.32,1.29,1.36,1.26,50575,45865000.0,7.81,0.78,0.01,10.12
1996-12-24,600740,1.31,1.3,1.37,1.29,42368,39508000.0,6.2,0.78,0.01,8.47
1996-12-25,600740,1.31,1.34,1.35,1.28,22105,20479000.0,5.38,3.08,0.04,4.42
1996-12-26,600740,1.35,1.36,1.37,1.31,26452,24874000.0,4.48,1.49,0.02,5.29
1996-12-27,600740,1.38,1.5,1.52,1.35,68011,68285000.0,12.5,10.29,0.14,13.6
1996-12-30,600740,1.54,1.58,1.63,1.52,75503,81207000.0,7.33,5.33,0.08,15.1
1996-12-31,600740,1.59,1.51,1.6,1.5,35529,37194000.0,6.33,-4.43,-0.07,7.11
1997-01-02,600740,1.5,1.53,1.55,1.49,13306,13799000.0,3.97,1.32,0.02,2.66
1997-01-03,600740,1.54,1.47,1.54,1.44,17550,17867000.0,6.54,-3.92,-0.06,3.51
1997-01-06,600740,1.45,1.38,1.45,1.38,9587,9407000.0,4.76,-6.12,-0.09,1.92
1997-01-07,600740,1.36,1.43,1.48,1.33,8349,8148000.0,10.87,3.62,0.05,1.67
1997-01-08,600740,1.44,1.46,1.47,1.42,6945,6919000.0,3.5,2.1,0.03,1.39
1997-01-09,600740,1.45,1.47,1.5,1.45,8176,8306000.0,3.42,0.68,0.01,1.64
1997-01-10,600740,1.47,1.49,1.5,1.46,8229,8376000.0,2.72,1.36,0.02,1.65
1997-01-13,600740,1.5,1.49,1.51,1.49,9216,9432000.0,1.34,0.0,0.0,1.84
1997-01-14,600740,1.5,1.46,1.52,1.45,11405,11605000.0,4.7,-2.01,-0.03,2.28
1997-01-15,600740,1.45,1.46,1.47,1.43,5029,5056000.0,2.74,0.0,0.0,1.01
1997-01-16,600740,1.46,1.45,1.47,1.44,4673,4676000.0,2.05,-0.68,-0.01,0.93
1997-01-17,600740,1.44,1.45,1.46,1.43,6294,6285000.0,2.07,0.0,0.0,1.26
1997-01-20,600740,1.45,1.45,1.46,1.44,6387,6381000.0,1.38,0.0,0.0,1.28
1997-01-21,600740,1.46,1.45,1.48,1.44,5267,5306000.0,2.76,0.0,0.0,1.05
1997-01-22,600740,1.44,1.5,1.5,1.44,9097,9228000.0,4.14,3.45,0.05,1.82
1997-01-23,600740,1.51,1.57,1.59,1.51,33783,36098000.0,5.33,4.67,0.07,6.76
1997-01-24,600740,1.57,1.53,1.57,1.49,11651,12158000.0,5.1,-2.55,-0.04,2.33
1997-01-27,600740,1.54,1.53,1.59,1.5,10125,10637000.0,5.88,0.0,0.0,2.03
1997-01-28,600740,1.51,1.52,1.54,1.49,7678,7963000.0,3.27,-0.65,-0.01,1.54
1997-01-29,600740,1.52,1.52,1.53,1.51,7298,7591000.0,1.32,0.0,0.0,1.46
1997-01-30,600740,1.51,1.51,1.54,1.51,7925,8212000.0,1.97,-0.66,-0.01,1.59
1997-01-31,600740,1.51,1.51,1.52,1.49,9175,9501000.0,1.99,0.0,0.0,1.84
1997-02-17,600740,1.51,1.51,1.52,1.48,7261,7491000.0,2.65,0.0,0.0,1.45
1997-02-18,600740,1.51,1.33,1.56,1.33,15266,15238000.0,15.23,-11.92,-0.18,3.05
1997-02-19,600740,1.36,1.46,1.47,1.36,10185,10035000.0,8.27,9.77,0.13,2.04
1997-02-20,600740,1.28,1.41,1.42,1.28,12602,12060000.0,9.59,-3.42,-0.05,2.52
1997-02-21,600740,1.42,1.49,1.49,1.42,13763,13867000.0,4.96,5.67,0.08,2.75
1997-02-24,600740,1.5,1.6,1.62,1.49,55956,59723000.0,8.72,7.38,0.11,11.19
1997-02-25,600740,1.6,1.65,1.67,1.6,56502,62834000.0,4.38,3.13,0.05,11.3
1997-02-26,600740,1.67,1.66,1.69,1.63,30450,33999000.0,3.64,0.61,0.01,6.09
1997-02-27,600740,1.67,1.63,1.69,1.63,27898,31265000.0,3.61,-1.81,-0.03,5.58
1997-02-28,600740,1.63,1.66,1.67,1.59,20837,23073000.0,4.91,1.84,0.03,4.17
1997-03-03,600740,1.67,1.82,1.83,1.67,53052,62611000.0,9.64,9.64,0.16,10.61
1997-03-04,600740,1.81,1.85,1.86,1.78,49066,59498000.0,4.4,1.65,0.03,9.81
1997-03-05,600740,1.83,1.78,1.89,1.75,27193,33027000.0,7.57,-3.78,-0.07,5.44
1997-03-06,600740,1.75,1.8,1.81,1.73,20248,24109000.0,4.49,1.12,0.02,4.05
1997-03-07,600740,1.82,1.78,1.83,1.76,16838,20146000.0,3.89,-1.11,-0.02,3.37
1997-03-10,600740,1.8,1.82,1.84,1.77,25945,31179000.0,3.93,2.25,0.04,5.19
1997-03-11,600740,1.82,1.88,1.89,1.78,38097,46750000.0,6.04,3.3,0.06,7.62
1997-03-12,600740,1.89,1.88,1.92,1.83,31782,39690000.0,4.79,0.0,0.0,6.36
1997-03-13,600740,1.87,1.83,1.88,1.8,19976,24352000.0,4.26,-2.66,-0.05,4.0
1997-03-14,600740,1.8,1.81,1.82,1.77,20042,24010000.0,2.73,-1.09,-0.02,4.01
1997-03-17,600740,1.82,1.82,1.85,1.8,29171,35339000.0,2.76,0.55,0.01,5.83
1997-03-18,600740,1.82,1.85,1.85,1.8,26476,32195000.0,2.75,1.65,0.03,5.3
1997-03-19,600740,1.85,1.97,1.97,1.85,50239,63770545.0,6.49,6.49,0.12,10.05
1997-03-20,600740,2.0,1.92,2.1,1.85,60060,79643000.0,12.69,-2.54,-0.05,12.01
1997-03-21,600740,1.91,2.02,2.03,1.89,41146,53257000.0,7.29,5.21,0.1,8.23
1997-03-24,600740,2.09,2.25,2.25,2.06,76759,108295000.0,9.41,11.39,0.23,15.35
1997-03-25,600740,2.29,2.22,2.32,2.15,53004,76734000.0,7.56,-1.33,-0.03,10.6
1997-03-26,600740,2.22,2.2,2.24,2.15,28534,40337000.0,4.05,-0.9,-0.02,5.71
1997-03-27,600740,2.2,2.15,2.22,2.14,21970,30971000.0,3.64,-2.27,-0.05,4.39
1997-03-28,600740,2.17,2.13,2.25,2.12,27929,39852000.0,6.05,-0.93,-0.02,5.59
1997-03-31,600740,2.18,2.19,2.22,2.17,19099,27187000.0,2.35,2.82,0.06,3.82
1997-04-01,600740,2.21,2.18,2.22,2.17,14096,19979000.0,2.28,-0.46,-0.01,2.82
1997-04-02,600740,2.17,2.18,2.22,2.17,16469,23460000.0,2.29,0.0,0.0,3.29
1997-04-03,600740,2.18,2.22,2.22,2.15,17945,25571000.0,3.21,1.83,0.04,3.59
1997-04-04,600740,2.24,2.19,2.28,2.17,22205,31748000.0,4.95,-1.35,-0.03,4.44
1997-04-07,600740,2.19,2.17,2.23,2.15,21771,30797000.0,3.65,-0.91,-0.02,4.35
1997-04-08,600740,2.19,2.08,2.19,2.05,17369,24114000.0,6.45,-4.15,-0.09,3.47
1997-04-09,600740,2.09,2.13,2.15,2.09,16460,22759000.0,2.88,2.4,0.05,3.29
1997-04-10,600740,2.15,2.09,2.15,2.08,15281,20946000.0,3.29,-1.88,-0.04,3.06
1997-04-11,600740,2.08,2.03,2.08,1.99,15921,21143000.0,4.31,-2.87,-0.06,3.18
1997-04-14,600740,2.04,2.11,2.19,2.01,20662,28182000.0,8.87,3.94,0.08,4.13
1997-04-15,600740,2.11,2.1,2.12,2.05,11685,15865000.0,3.32,-0.47,-0.01,2.34
1997-04-16,600740,1.95,1.95,1.98,1.87,30488,39061000.0,5.24,-7.14,-0.15,6.1
1997-04-17,600740,1.95,1.91,1.95,1.9,19745,24893000.0,2.56,-2.05,-0.04,3.95
1997-04-18,600740,1.89,1.87,1.89,1.81,19946,24447000.0,4.19,-2.09,-0.04,3.99
1997-04-21,600740,1.86,1.83,1.86,1.8,21729,26378000.0,3.21,-2.14,-0.04,4.35
1997-04-22,600740,1.83,1.93,1.94,1.81,24243,30563000.0,7.1,5.46,0.1,4.85
1997-04-23,600740,1.94,1.91,1.95,1.91,13529,17124000.0,2.07,-1.04,-0.02,2.71
1997-04-24,600740,1.89,1.84,1.89,1.84,11031,13552000.0,2.62,-3.66,-0.07,2.21
1997-04-25,600740,1.84,1.81,1.86,1.8,15431,18628000.0,3.26,-1.63,-0.03,3.09
1997-04-28,600740,1.75,1.66,1.78,1.64,15927,18085000.0,7.73,-8.29,-0.15,3.19
1997-04-29,600740,1.64,1.8,1.8,1.49,12687,14133000.0,18.67,8.43,0.14,2.54
1997-04-30,600740,1.8,1.75,1.8,1.71,9010,10544000.0,5.0,-2.78,-0.05,1.8
1997-05-05,600740,1.75,1.73,1.75,1.66,10985,12662000.0,5.14,-1.14,-0.02,2.2
1997-05-06,600740,1.73,1.71,1.74,1.69,13917,15977000.0,2.89,-1.16,-0.02,2.78
1997-05-07,600740,1.71,1.87,1.89,1.71,29523,36161000.0,10.53,9.36,0.16,5.9
1997-05-08,600740,1.89,1.68,1.9,1.66,12651,15102000.0,12.83,-10.16,-0.19,2.53
1997-05-09,600740,1.68,1.74,1.76,1.68,8866,10249000.0,4.76,3.57,0.06,1.77
1997-05-12,600740,1.75,1.81,1.87,1.74,13601,16302000.0,7.47,4.02,0.07,2.72
1997-05-13,600740,1.81,1.76,1.84,1.73,7582,8956000.0,6.08,-2.76,-0.05,1.52
1997-05-14,600740,1.75,1.71,1.84,1.63,8518,10019000.0,11.93,-2.84,-0.05,1.7
1997-05-15,600740,1.71,1.72,1.75,1.63,4824,5507000.0,7.02,0.58,0.01,0.96
1997-05-16,600740,1.7,1.55,1.7,1.52,7840,8505000.0,10.47,-9.88,-0.17,1.57
1997-05-19,600740,1.56,1.59,1.63,1.55,4139,4423000.0,5.16,2.58,0.04,0.83
1997-05-20,600740,1.6,1.59,1.62,1.58,3529,3831000.0,2.52,0.0,0.0,0.71
1997-05-22,600740,1.4,1.4,1.45,1.4,2377,2310000.0,3.14,-11.95,-0.19,0.48
1997-05-23,600740,1.36,1.36,1.39,1.26,6180,5720000.0,9.29,-2.86,-0.04,1.24
1997-05-26,600740,1.36,1.29,1.38,1.26,3784,3455000.0,8.82,-5.15,-0.07,0.76
1997-05-27,600740,1.32,1.33,1.35,1.29,3866,3576000.0,4.65,3.1,0.04,0.77
1997-05-28,600740,1.33,1.38,1.45,1.33,6635,6420000.0,9.02,3.76,0.05,1.33
1997-05-29,600740,1.38,1.34,1.38,1.34,3181,3000000.0,2.9,-2.9,-0.04,0.64
1997-05-30,600740,1.35,1.34,1.35,1.31,3133,2917000.0,2.99,0.0,0.0,0.63
1997-06-02,600740,1.35,1.4,1.43,1.35,5078,4903000.0,5.97,4.48,0.06,1.02
1997-06-03,600740,1.4,1.45,1.48,1.4,7112,7081000.0,5.71,3.57,0.05,1.42
1997-06-04,600740,1.46,1.44,1.48,1.43,4146,4129000.0,3.45,-0.69,-0.01,0.83
1997-06-05,600740,1.44,1.43,1.44,1.4,4369,4273000.0,2.78,-0.69,-0.01,0.87
1997-06-06,600740,1.36,1.3,1.36,1.28,5845,5391000.0,5.59,-9.09,-0.13,1.17
1997-06-09,600740,1.29,1.31,1.34,1.28,2765,2524000.0,4.62,0.77,0.01,0.55
1997-06-10,600740,1.3,1.28,1.33,1.27,2083,1904000.0,4.58,-2.29,-0.03,0.42
1997-06-11,600740,1.28,1.22,1.28,1.2,2831,2469000.0,6.25,-4.69,-0.06,0.57
1997-06-12,600740,1.24,1.23,1.27,1.22,2419,2119000.0,4.1,0.82,0.01,0.48
1997-06-13,600740,1.11,1.23,1.24,1.11,3823,3249000.0,10.57,0.0,0.0,0.76
1997-06-16,600740,1.24,1.26,1.28,1.24,2603,2318000.0,3.25,2.44,0.03,0.52
1997-06-17,600740,1.25,1.22,1.25,1.19,2226,1933000.0,4.76,-3.17,-0.04,0.45
1997-06-18,600740,1.22,1.21,1.24,1.2,1651,1434000.0,3.28,-0.82,-0.01,0.33
1997-06-19,600740,1.23,1.2,1.23,1.19,1452,1249000.0,3.31,-0.83,-0.01,0.29
1997-06-20,600740,1.21,1.27,1.27,1.19,4131,3609000.0,6.67,5.83,0.07,0.83
1997-06-23,600740,1.29,1.21,1.31,1.2,3229,2848000.0,8.66,-4.72,-0.06,0.65
1997-06-24,600740,1.22,1.22,1.25,1.2,2328,2019000.0,4.13,0.83,0.01,0.47
1997-06-25,600740,1.24,1.22,1.25,1.2,2688,2334000.0,4.1,0.0,0.0,0.54
1997-06-26,600740,1.22,1.2,1.22,1.19,2957,2539000.0,2.46,-1.64,-0.02,0.59
1997-06-27,600740,1.2,1.13,1.25,1.13,3217,2684000.0,10.0,-5.83,-0.07,0.64
1997-07-02,600740,1.13,1.03,1.15,1.01,3444,2657000.0,12.39,-8.85,-0.1,0.69
1997-07-03,600740,1.03,0.96,1.03,0.93,3139,2252000.0,9.71,-6.8,-0.07,0.63
1997-07-04,600740,0.96,0.96,0.96,0.89,2351,1664000.0,7.29,0.0,0.0,0.47
1997-07-07,600740,0.96,0.9,0.99,0.9,2752,1958000.0,9.38,-6.25,-0.06,0.55
1997-07-08,600740,0.9,0.94,0.94,0.89,2216,1539000.0,5.56,4.44,0.04,0.44
1997-07-09,600740,0.92,0.92,0.96,0.91,1345,939000.0,5.32,-2.13,-0.02,0.27
1997-07-10,600740,0.92,0.91,0.92,0.91,2003,1391000.0,1.09,-1.09,-0.01,0.4
1997-07-11,600740,0.91,0.95,0.96,0.91,2468,1742000.0,5.49,4.4,0.04,0.49
1997-07-14,600740,0.97,1.02,1.03,0.92,5248,3829000.0,11.58,7.37,0.07,1.05
1997-07-15,600740,1.01,1.08,1.09,0.98,5557,4302000.0,10.78,5.88,0.06,1.11
1997-07-16,600740,1.08,1.03,1.08,1.01,3458,2626000.0,6.48,-4.63,-0.05,0.69
1997-07-17,600740,1.01,1.01,1.02,0.99,2416,1795000.0,2.91,-1.94,-0.02,0.48
1997-07-18,600740,1.01,1.06,1.06,1.0,3028,2316000.0,5.94,4.95,0.05,0.61
1997-07-21,600740,1.09,1.2,1.2,1.09,16012,13610000.0,10.38,13.21,0.14,3.2
1997-07-22,600740,1.19,1.17,1.19,1.1,6788,5611000.0,7.5,-2.5,-0.03,1.36
1997-07-23,600740,1.19,1.13,1.21,1.12,4337,3619000.0,7.69,-3.42,-0.04,0.87
1997-07-24,600740,1.13,1.14,1.17,1.12,2790,2299000.0,4.42,0.88,0.01,0.56
1997-07-25,600740,1.12,1.11,1.12,1.1,2358,1897000.0,1.75,-2.63,-0.03,0.47
1997-07-28,600740,1.1,1.05,1.11,1.04,2182,1700000.0,6.31,-5.41,-0.06,0.44
1997-07-29,600740,1.04,1.07,1.08,1.04,1639,1271000.0,3.81,1.9,0.02,0.33
1997-07-30,600740,1.06,1.1,1.12,1.06,1826,1442000.0,5.61,2.8,0.03,0.37
1997-07-31,600740,1.13,1.1,1.13,1.1,1659,1332000.0,2.73,0.0,0.0,0.33
1997-08-01,600740,1.11,1.1,1.12,1.08,1452,1160000.0,3.64,0.0,0.0,0.29
1997-08-04,600740,1.12,1.15,1.16,1.11,3209,2642000.0,4.55,4.55,0.05,0.64
1997-08-05,600740,1.15,1.13,1.16,1.12,1898,1563000.0,3.48,-1.74,-0.02,0.38
1997-08-06,600740,1.13,1.08,1.13,1.08,2050,1642000.0,4.42,-4.42,-0.05,0.41
1997-08-07,600740,1.06,1.14,1.14,1.01,1546,1214000.0,12.04,5.56,0.06,0.31
1997-08-08,600740,1.14,1.12,1.14,1.1,2378,1925000.0,3.51,-1.75,-0.02,0.48
1997-08-11,600740,1.12,1.1,1.12,1.06,2268,1818000.0,5.36,-1.79,-0.02,0.45
1997-08-12,600740,0.98,0.98,1.05,0.96,5465,4003000.0,8.18,-10.91,-0.12,1.09
1997-08-13,600740,0.96,0.95,0.98,0.93,4106,2953000.0,5.1,-3.06,-0.03,0.82
1997-08-14,600740,0.95,0.97,0.99,0.95,2494,1809000.0,4.21,2.11,0.02,0.5
1997-08-15,600740,0.97,0.94,0.98,0.93,2964,2117000.0,5.15,-3.09,-0.03,0.59
1997-08-18,600740,0.93,0.91,0.93,0.89,2174,1507000.0,4.26,-3.19,-0.03,0.43
1997-08-19,600740,0.92,0.95,0.97,0.92,1468,1047000.0,5.49,4.4,0.04,0.29
1997-08-20,600740,0.96,0.94,0.97,0.94,943,675000.0,3.16,-1.05,-0.01,0.19
1997-08-21,600740,0.96,0.97,0.98,0.95,1855,1337000.0,3.19,3.19,0.03,0.37
1997-08-22,600740,0.96,0.96,0.96,0.94,2135,1534000.0,2.06,-1.03,-0.01,0.43
1997-08-25,600740,0.96,0.96,0.97,0.95,2702,1940000.0,2.08,0.0,0.0,0.54
1997-08-26,600740,0.97,0.99,1.01,0.96,3184,2340000.0,5.21,3.13,0.03,0.64
1997-08-27,600740,0.98,0.99,1.01,0.97,2426,1780000.0,4.04,0.0,0.0,0.49
1997-08-28,600740,0.99,1.04,1.04,0.99,5656,4265000.0,5.05,5.05,0.05,1.13
1997-08-29,600740,1.03,1.05,1.06,1.02,4946,3806000.0,3.85,0.96,0.01,0.99
1997-09-01,600740,1.05,1.02,1.06,1.01,3755,2860000.0,4.76,-2.86,-0.03,0.75
1997-09-02,600740,1.03,1.06,1.06,1.03,4039,3106000.0,2.94,3.92,0.04,0.81
1997-09-03,600740,1.06,1.06,1.07,1.04,3312,2569000.0,2.83,0.0,0.0,0.66
1997-09-04,600740,1.06,1.09,1.09,1.06,4272,3377000.0,2.83,2.83,0.03,0.85
1997-09-05,600740,1.09,1.06,1.09,1.05,2865,2231000.0,3.67,-2.75,-0.03,0.57
1997-09-08,600740,1.06,1.11,1.12,1.05,4427,3500000.0,6.6,4.72,0.05,0.89
1997-09-09,600740,1.09,1.06,1.11,1.06,2728,2160000.0,4.5,-4.5,-0.05,0.55
1997-09-10,600740,1.06,1.09,1.09,1.01,2469,1925000.0,7.55,2.83,0.03,0.49
1997-09-11,600740,1.1,1.1,1.16,1.06,7582,6155000.0,9.17,0.92,0.01,1.52
1997-09-12,600740,1.11,1.04,1.11,1.04,2601,2042000.0,6.36,-5.45,-0.06,0.52
1997-09-15,600740,1.03,1.0,1.04,0.99,1951,1455000.0,4.81,-3.85,-0.04,0.39
1997-09-16,600740,1.02,1.01,1.03,1.0,1053,788000.0,3.0,1.0,0.01,0.21
1997-09-17,600740,1.02,0.98,1.02,0.94,795,585000.0,7.92,-2.97,-0.03,0.16
1997-09-18,600740,0.99,0.99,1.01,0.98,854,628000.0,3.06,1.02,0.01,0.17
1997-09-19,600740,0.99,1.02,1.02,0.99,869,647000.0,3.03,3.03,0.03,0.17
1997-09-22,600740,1.02,0.94,1.02,0.92,1337,962000.0,9.8,-7.84,-0.08,0.27
1997-09-23,600740,0.93,0.85,0.94,0.84,2482,1700000.0,10.64,-9.57,-0.09,0.5
1997-09-24,600740,0.87,0.92,0.94,0.87,2003,1372000.0,8.24,8.24,0.07,0.4
1997-09-25,600740,0.94,0.93,0.96,0.9,2227,1565000.0,6.52,1.09,0.01,0.45
1997-09-26,600740,0.94,0.93,0.94,0.91,1000,700000.0,3.23,0.0,0.0,0.2
1997-09-29,600740,0.92,0.89,0.92,0.87,774,530000.0,5.38,-4.3,-0.04,0.15
1997-09-30,600740,0.89,0.9,0.91,0.89,664,457000.0,2.25,1.12,0.01,0.13
1997-10-06,600740,0.9,0.91,0.92,0.9,518,357000.0,2.22,1.11,0.01,0.1
1997-10-07,600740,0.92,0.92,0.94,0.91,552,385000.0,3.3,1.1,0.01,0.11
1997-10-08,600740,0.94,0.96,0.97,0.94,1097,788000.0,3.26,4.35,0.04,0.22
1997-10-09,600740,0.96,0.95,0.97,0.95,652,468000.0,2.08,-1.04,-0.01,0.13
1997-10-10,600740,0.94,0.96,0.97,0.94,1200,856000.0,3.16,1.05,0.01,0.24
1997-10-13,600740,0.94,0.94,0.96,0.94,1080,769000.0,2.08,-2.08,-0.02,0.22
1997-10-14,600740,0.92,0.94,0.94,0.91,811,565000.0,3.19,0.0,0.0,0.16
1997-10-15,600740,0.93,0.94,0.94,0.92,656,463000.0,2.13,0.0,0.0,0.13
1997-10-16,600740,0.94,0.96,0.97,0.85,1321,947000.0,12.77,2.13,0.02,0.26
1997-10-17,600740,0.98,0.97,0.99,0.94,1994,1438000.0,5.21,1.04,0.01,0.4
1997-10-20,600740,0.97,0.98,0.99,0.96,3122,2274000.0,3.09,1.03,0.01,0.62
1997-10-21,600740,0.99,0.97,0.99,0.96,1381,1004000.0,3.06,-1.02,-0.01,0.28
1997-10-22,600740,0.96,0.94,0.99,0.93,2852,2038000.0,6.19,-3.09,-0.03,0.57
1997-10-23,600740,0.94,0.94,0.94,0.92,2521,1776000.0,2.13,0.0,0.0,0.5
1997-10-24,600740,0.93,0.94,0.95,0.92,2407,1698000.0,3.19,0.0,0.0,0.48
1997-10-27,600740,0.94,1.03,1.04,0.94,5705,4209000.0,10.64,9.57,0.09,1.14
1997-10-28,600740,1.03,0.99,1.05,0.97,5457,4101000.0,7.77,-3.88,-0.04,1.09
1997-10-29,600740,0.95,0.99,0.99,0.94,2812,2035000.0,5.05,0.0,0.0,0.56
1997-10-30,600740,0.99,0.99,1.03,0.98,3592,2676000.0,5.05,0.0,0.0,0.72
1997-10-31,600740,0.95,0.97,0.99,0.95,1643,1188000.0,4.04,-2.02,-0.02,0.33
1997-11-03,600740,0.96,1.0,1.02,0.96,2655,1964000.0,6.19,3.09,0.03,0.53
1997-11-04,600740,1.0,1.01,1.02,0.94,3013,2246000.0,8.0,1.0,0.01,0.6
1997-11-05,600740,1.01,1.04,1.05,1.0,1831,1369942.0,4.95,2.97,0.03,0.37
1997-11-06,600740,1.05,1.01,1.06,1.0,3704,2810000.0,5.77,-2.88,-0.03,0.74
1997-11-07,600740,1.0,1.01,1.01,0.99,2209,1646000.0,1.98,0.0,0.0,0.44
1997-11-10,600740,1.01,1.01,1.06,1.01,2905,2194000.0,4.95,0.0,0.0,0.58
1997-11-11,600740,1.01,0.99,1.01,0.99,1856,1373000.0,1.98,-1.98,-0.02,0.37
1997-11-12,600740,1.0,0.99,1.01,0.98,1966,1455000.0,3.03,0.0,0.0,0.39
1997-11-13,600740,0.98,1.02,1.03,0.97,2717,2015000.0,6.06,3.03,0.03,0.54
1997-11-14,600740,0.93,1.05,1.1,0.93,11336,8855000.0,16.67,2.94,0.03,2.27
1997-11-17,600740,1.08,1.04,1.08,1.03,2479,1922000.0,4.76,-0.95,-0.01,0.5
1997-11-18,600740,1.04,1.02,1.06,1.02,1894,1453000.0,3.85,-1.92,-0.02,0.38
1997-11-19,600740,1.03,1.03,1.04,1.02,2305,1745000.0,1.96,0.98,0.01,0.46
1997-11-20,600740,1.03,1.03,1.05,1.02,2017,1536000.0,2.91,0.0,0.0,0.4
1997-11-21,600740,1.03,1.03,1.04,1.02,3315,2516000.0,1.94,0.0,0.0,0.66
1997-11-24,600740,1.02,1.0,1.03,0.99,3518,2625000.0,3.88,-2.91,-0.03,0.7
1997-11-25,600740,0.96,0.98,0.99,0.95,1980,1444000.0,4.0,-2.0,-0.02,0.4
1997-11-26,600740,0.97,0.99,0.99,0.97,872,636000.0,2.04,1.02,0.01,0.17
1997-11-27,600740,0.99,0.94,0.99,0.93,1706,1218000.0,6.06,-5.05,-0.05,0.34
1997-11-28,600740,0.93,0.96,0.97,0.93,1057,758000.0,4.26,2.13,0.02,0.21
1997-12-01,600740,0.95,0.94,0.96,0.94,1132,807000.0,2.08,-2.08,-0.02,0.23
1997-12-02,600740,0.94,0.96,0.99,0.94,525,380000.0,5.32,2.13,0.02,0.11
1997-12-03,600740,0.97,0.95,0.97,0.94,1054,753000.0,3.13,-1.04,-0.01,0.21
1997-12-04,600740,0.94,0.95,0.96,0.94,1049,747000.0,2.11,0.0,0.0,0.21
1997-12-05,600740,0.96,0.96,0.96,0.95,1122,804000.0,1.05,1.05,0.01,0.22
1997-12-08,600740,0.99,0.96,0.99,0.95,807,580000.0,4.17,0.0,0.0,0.16
1997-12-09,600740,0.96,0.96,0.96,0.94,998,714000.0,2.08,0.0,0.0,0.2
1997-12-10,600740,0.95,0.96,0.97,0.95,1609,1153000.0,2.08,0.0,0.0,0.32
1997-12-11,600740,0.96,0.96,0.96,0.95,1090,780000.0,1.04,0.0,0.0,0.22
1997-12-12,600740,0.96,0.96,0.98,0.95,1127,812000.0,3.13,0.0,0.0,0.23
1997-12-15,600740,0.96,0.97,0.97,0.95,1843,1320000.0,2.08,1.04,0.01,0.37
1997-12-16,600740,0.98,0.96,0.98,0.95,1376,991000.0,3.09,-1.03,-0.01,0.28
1997-12-17,600740,0.95,0.95,0.97,0.94,1834,1311000.0,3.13,-1.04,-0.01,0.37
1997-12-18,600740,0.95,0.95,0.97,0.94,1423,1019000.0,3.16,0.0,0.0,0.28
1997-12-19,600740,0.95,0.98,0.98,0.95,2112,1523000.0,3.16,3.16,0.03,0.42
1997-12-22,600740,0.99,1.02,1.03,0.97,4704,3516000.0,6.12,4.08,0.04,0.94
1997-12-23,600740,1.03,0.99,1.04,0.98,1933,1429000.0,5.88,-2.94,-0.03,0.39
1997-12-24,600740,0.99,0.97,0.99,0.96,2206,1610000.0,3.03,-2.02,-0.02,0.44
1997-12-25,600740,0.96,0.97,0.99,0.95,1929,1393000.0,4.12,0.0,0.0,0.39
1997-12-26,600740,0.97,0.99,0.99,0.95,2617,1896000.0,4.12,2.06,0.02,0.52
1997-12-29,600740,0.99,1.01,1.02,0.96,2662,1945000.0,6.06,2.02,0.02,0.53
1997-12-30,600740,1.01,1.03,1.03,0.99,4874,3659000.0,3.96,1.98,0.02,0.97
1997-12-31,600740,1.03,1.06,1.09,1.03,8446,6596000.0,5.83,2.91,0.03,1.69
1998-01-05,600740,1.07,1.08,1.09,1.05,5390,4215000.0,3.77,1.89,0.02,1.08
1998-01-06,600740,1.08,1.1,1.12,1.04,8336,6588000.0,7.41,1.85,0.02,1.67
1998-01-07,600740,1.12,1.1,1.12,1.07,4453,3535000.0,4.55,0.0,0.0,0.89
1998-01-08,600740,1.11,1.13,1.15,1.1,7257,5911000.0,4.55,2.73,0.03,1.45
1998-01-09,600740,1.1,1.12,1.13,1.06,5788,4656000.0,6.19,-0.88,-0.01,1.16
1998-01-12,600740,1.11,1.07,1.11,1.06,3992,3150000.0,4.46,-4.46,-0.05,0.8
1998-01-13,600740,1.06,0.99,1.06,0.93,6047,4472000.0,12.15,-7.48,-0.08,1.21
1998-01-14,600740,0.99,1.07,1.07,0.99,6184,4771000.0,8.08,8.08,0.08,1.24
1998-01-15,600740,1.08,1.07,1.1,1.05,2880,2244000.0,4.67,0.0,0.0,0.58
1998-01-16,600740,1.08,1.03,1.08,1.03,2016,1550000.0,4.67,-3.74,-0.04,0.4
1998-01-19,600740,1.06,1.05,1.06,1.03,1900,1459000.0,2.91,1.94,0.02,0.38
1998-01-20,600740,1.06,1.02,1.06,1.01,1206,912000.0,4.76,-2.86,-0.03,0.24
1998-01-21,600740,1.06,1.08,1.1,1.02,4256,3366000.0,7.84,5.88,0.06,0.85
1998-01-23,600740,1.1,1.13,1.16,1.06,5146,4133000.0,9.26,4.63,0.05,1.03
1998-02-09,600740,1.13,1.12,1.14,1.09,4742,3807000.0,4.42,-0.88,-0.01,0.95
1998-02-10,600740,1.12,1.08,1.12,1.06,3078,2448000.0,5.36,-3.57,-0.04,0.62
1998-02-11,600740,1.1,1.13,1.13,1.08,5919,4777000.0,4.63,4.63,0.05,1.18
1998-02-12,600740,1.14,1.15,1.19,1.14,8923,7473000.0,4.42,1.77,0.02,1.78
1998-02-13,600740,1.17,1.12,1.17,1.1,5455,4412000.0,6.09,-2.61,-0.03,1.09
1998-02-16,600740,1.11,1.08,1.11,0.99,4048,3197000.0,10.71,-3.57,-0.04,0.81
1998-02-17,600740,1.14,1.16,1.17,1.12,10250,8417000.0,4.63,7.41,0.08,2.05
1998-02-18,600740,1.17,1.21,1.29,1.16,23185,20329000.0,11.21,4.31,0.05,4.64
1998-02-19,600740,1.24,1.19,1.24,1.18,7236,6193000.0,4.96,-1.65,-0.02,1.45
1998-02-20,600740,1.24,1.24,1.29,1.21,26748,23984000.0,6.72,4.2,0.05,5.35
1998-02-23,600740,1.25,1.32,1.34,1.25,24543,22477000.0,7.26,6.45,0.08,4.91
1998-02-24,600740,1.33,1.3,1.35,1.29,11980,11033000.0,4.55,-1.52,-0.02,2.4
1998-02-25,600740,1.29,1.25,1.31,1.2,12888,11416000.0,8.46,-3.85,-0.05,2.58
1998-02-26,600740,1.24,1.26,1.26,1.21,6987,6155000.0,4.0,0.8,0.01,1.4
1998-02-27,600740,1.26,1.24,1.27,1.23,5201,4597000.0,3.17,-1.59,-0.02,1.04
1998-03-02,600740,1.23,1.28,1.31,1.1,8201,7282000.0,16.94,3.23,0.04,1.64
1998-03-03,600740,1.28,1.28,1.28,1.24,4291,3831000.0,3.13,0.0,0.0,0.86
1998-03-04,600740,1.27,1.25,1.28,1.24,3337,2979000.0,3.13,-2.34,-0.03,0.67
1998-03-05,600740,1.26,1.27,1.29,1.26,5228,4704000.0,2.4,1.6,0.02,1.05
1998-03-06,600740,1.28,1.27,1.28,1.22,4925,4338000.0,4.72,0.0,0.0,0.99
1998-03-09,600740,1.28,1.24,1.28,1.22,3277,2891000.0,4.72,-2.36,-0.03,0.66
1998-03-10,600740,1.23,1.23,1.25,1.2,3112,2711000.0,4.03,-0.81,-0.01,0.62
1998-03-11,600740,1.24,1.19,1.24,1.19,3757,3237000.0,4.07,-3.25,-0.04,0.75
1998-03-12,600740,1.19,1.17,1.2,1.17,3448,2916000.0,2.52,-1.68,-0.02,0.69
1998-03-13,600740,1.17,1.17,1.18,1.16,2938,2458000.0,1.71,0.0,0.0,0.59
1998-03-16,600740,1.18,1.2,1.2,1.15,2664,2250000.0,4.27,2.56,0.03,0.53
1998-03-17,600740,1.22,1.2,1.25,1.2,3306,2889000.0,4.17,0.0,0.0,0.66
1998-03-18,600740,1.21,1.2,1.22,1.19,1885,1616000.0,2.5,0.0,0.0,0.38
1998-03-19,600740,1.22,1.2,1.25,1.18,1616,1383000.0,5.83,0.0,0.0,0.32
1998-03-20,600740,1.21,1.23,1.25,1.19,3526,3067000.0,5.0,2.5,0.03,0.71
1998-03-23,600740,1.24,1.25,1.28,1.22,7242,6447000.0,4.88,1.63,0.02,1.45
1998-03-24,600740,1.26,1.25,1.28,1.24,4376,3908000.0,3.2,0.0,0.0,0.88
1998-03-26,600740,1.21,1.19,1.25,1.16,5545,4704000.0,7.2,-4.8,-0.06,1.11
1998-03-27,600740,1.18,1.2,1.22,1.12,8149,6816000.0,8.4,0.84,0.01,1.63
1998-03-30,600740,1.2,1.16,1.2,1.13,7204,5971000.0,5.83,-3.33,-0.04,1.44
1998-03-31,600740,1.16,1.18,1.19,1.14,4971,4132000.0,4.31,1.72,0.02,0.99
1998-04-01,600740,1.17,1.16,1.18,1.14,3632,3026000.0,3.39,-1.69,-0.02,0.73
1998-04-02,600740,1.17,1.18,1.19,1.15,5379,4530000.0,3.45,1.72,0.02,1.08
1998-04-03,600740,1.17,1.21,1.24,1.17,6704,5824000.0,5.93,2.54,0.03,1.34
1998-04-06,600740,1.22,1.24,1.28,1.21,8540,7539000.0,5.79,2.48,0.03,1.71
1998-04-07,600740,1.27,1.28,1.28,1.24,11340,10115000.0,3.23,3.23,0.04,2.27
1998-04-08,600740,1.29,1.43,1.43,1.29,37078,35371000.0,10.94,11.72,0.15,7.42
1998-04-09,600740,1.45,1.33,1.49,1.31,25948,25139000.0,12.59,-6.99,-0.1,5.19
1998-04-10,600740,1.33,1.35,1.36,1.32,11577,10884000.0,3.01,1.5,0.02,2.32
1998-04-13,600740,1.35,1.36,1.42,1.35,11911,11400000.0,5.19,0.74,0.01,2.38
1998-04-14,600740,1.36,1.31,1.36,1.3,7756,7174000.0,4.41,-3.68,-0.05,1.55
1998-04-15,600740,1.31,1.31,1.35,1.3,5826,5396000.0,3.82,0.0,0.0,1.17
1998-04-16,600740,1.32,1.33,1.39,1.32,6148,5793000.0,5.34,1.53,0.02,1.23
1998-04-17,600740,1.33,1.28,1.33,1.26,5680,5188000.0,5.26,-3.76,-0.05,1.14
1998-04-20,600740,1.28,1.23,1.28,1.23,5526,4903000.0,3.91,-3.91,-0.05,1.11
1998-04-21,600740,1.24,1.34,1.38,1.24,9022,8424000.0,11.38,8.94,0.11,1.8
1998-04-22,600740,1.34,1.36,1.37,1.32,5969,5624000.0,3.73,1.49,0.02,1.19
1998-04-23,600740,1.36,1.33,1.38,1.31,4050,3778000.0,5.15,-2.21,-0.03,0.81
1998-04-24,600740,1.33,1.35,1.41,1.33,13909,13376000.0,6.02,1.5,0.02,2.78
1998-04-27,600740,1.36,1.39,1.42,1.36,7678,7403000.0,4.44,2.96,0.04,1.54
1998-04-28,600740,1.42,1.39,1.42,1.39,7938,7714000.0,2.16,0.0,0.0,1.59
1998-04-29,600740,1.4,1.36,1.42,1.35,6337,6042000.0,5.04,-2.16,-0.03,1.27
1998-04-30,600740,1.36,1.4,1.44,1.36,10986,10696000.0,5.88,2.94,0.04,2.2
1998-05-04,600740,1.44,1.47,1.49,1.41,18238,18250000.0,5.71,5.0,0.07,3.65
1998-05-05,600740,1.47,1.43,1.48,1.43,7863,7829000.0,3.4,-2.72,-0.04,1.57
1998-05-06,600740,1.44,1.49,1.53,1.44,16305,16793000.0,6.29,4.2,0.06,3.26
1998-05-07,600740,1.49,1.45,1.51,1.43,10546,10765000.0,5.37,-2.68,-0.04,2.11
1998-05-08,600740,1.43,1.45,1.47,1.41,11258,11186000.0,4.14,0.0,0.0,2.25
1998-05-11,600740,1.49,1.52,1.59,1.49,16751,17594000.0,6.9,4.83,0.07,3.35
1998-05-12,600740,1.52,1.49,1.56,1.47,6872,7113000.0,5.92,-1.97,-0.03,1.37
1998-05-13,600740,1.57,1.51,1.57,1.49,9378,9757000.0,5.37,1.34,0.02,1.88
1998-05-14,600740,1.52,1.49,1.55,1.48,11132,11430000.0,4.64,-1.32,-0.02,2.23
1998-05-15,600740,1.49,1.51,1.53,1.49,11301,11659000.0,2.68,1.34,0.02,2.26
1998-05-18,600740,1.53,1.52,1.54,1.47,7389,7405000.0,4.64,0.66,0.01,1.48
1998-05-19,600740,1.53,1.52,1.54,1.51,5098,5188000.0,1.97,0.0,0.0,1.02
1998-05-20,600740,1.52,1.48,1.53,1.46,6542,6510000.0,4.61,-2.63,-0.04,1.31
1998-05-21,600740,1.47,1.49,1.49,1.46,3827,3798000.0,2.03,0.68,0.01,0.77
1998-05-22,600740,1.49,1.5,1.52,1.49,7508,7540000.0,2.01,0.67,0.01,1.5
1998-05-25,600740,1.51,1.55,1.58,1.51,12442,12815000.0,4.67,3.33,0.05,2.49
1998-05-26,600740,1.57,1.52,1.57,1.52,11480,11717000.0,3.23,-1.94,-0.03,2.3
1998-05-27,600740,1.53,1.56,1.57,1.53,28443,29373000.0,2.63,2.63,0.04,5.69
1998-05-28,600740,1.6,1.65,1.7,1.6,16526,15378000.0,6.41,5.77,0.09,2.54
1998-05-29,600740,1.67,1.79,1.8,1.67,18870,18282000.0,7.88,8.48,0.14,2.9
1998-06-01,600740,1.84,1.87,1.88,1.81,24641,25159000.0,3.91,4.47,0.08,3.79
1998-06-02,600740,1.87,1.8,1.88,1.77,12342,12381000.0,5.88,-3.74,-0.07,1.9
1998-06-03,600740,1.81,1.78,1.83,1.75,8211,8089000.0,4.44,-1.11,-0.02,1.26
1998-06-04,600740,1.78,1.76,1.8,1.75,5655,5552000.0,2.81,-1.12,-0.02,0.87
1998-06-05,600740,1.76,1.72,1.81,1.72,7784,7596000.0,5.11,-2.27,-0.04,1.2
1998-06-08,600740,1.72,1.74,1.77,1.71,6646,6452000.0,3.49,1.16,0.02,1.02
1998-06-09,600740,1.74,1.65,1.74,1.63,6871,6450000.0,6.32,-5.17,-0.09,1.06
1998-06-10,600740,1.65,1.65,1.68,1.64,4619,4295000.0,2.42,0.0,0.0,0.71
1998-06-11,600740,1.64,1.59,1.67,1.58,3980,3630000.0,5.45,-3.64,-0.06,0.61
1998-06-12,600740,1.65,1.63,1.67,1.6,4834,4437000.0,4.4,2.52,0.04,0.74
1998-06-15,600740,1.64,1.6,1.66,1.6,5786,5296000.0,3.68,-1.84,-0.03,0.89
1998-06-16,600740,1.6,1.7,1.71,1.6,11882,11074000.0,6.88,6.25,0.1,1.83
1998-06-17,600740,1.72,1.67,1.72,1.66,4899,4638000.0,3.53,-1.76,-0.03,0.75
1998-06-18,600740,1.67,1.68,1.73,1.66,3637,3437000.0,4.19,0.6,0.01,0.56
1998-06-19,600740,1.7,1.7,1.72,1.67,4237,4013000.0,2.98,1.19,0.02,0.65
1998-06-22,600740,1.71,1.73,1.76,1.67,7163,6889000.0,5.29,1.76,0.03,1.1
1998-06-23,600740,1.73,1.7,1.75,1.7,3804,3648000.0,2.89,-1.73,-0.03,0.59
1998-06-24,600740,1.68,1.67,1.72,1.66,4080,3840000.0,3.53,-1.76,-0.03,0.63
1998-06-25,600740,1.66,1.63,1.69,1.62,3691,3422000.0,4.19,-2.4,-0.04,0.57
1998-06-26,600740,1.65,1.64,1.68,1.63,2607,2421000.0,3.07,0.61,0.01,0.4
1998-06-29,600740,1.64,1.6,1.65,1.58,4681,4249000.0,4.27,-2.44,-0.04,0.72
1998-06-30,600740,1.6,1.55,1.62,1.54,4017,3612000.0,5.0,-3.13,-0.05,0.62
1998-07-01,600740,1.59,1.47,1.59,1.47,7121,6214000.0,7.74,-5.16,-0.08,1.1
1998-07-02,600740,1.47,1.47,1.49,1.42,5324,4503000.0,4.76,0.0,0.0,0.82
1998-07-03,600740,1.49,1.48,1.51,1.47,4026,3446000.0,2.72,0.68,0.01,0.62
1998-07-06,600740,1.49,1.48,1.51,1.47,2736,2350000.0,2.7,0.0,0.0,0.42
1998-07-07,600740,1.48,1.46,1.48,1.44,2350,1988000.0,2.7,-1.35,-0.02,0.36
1998-07-08,600740,1.47,1.46,1.48,1.45,2979,2525000.0,2.05,0.0,0.0,0.46
1998-07-09,600740,1.49,1.47,1.54,1.46,3916,3364000.0,5.48,0.68,0.01,0.6
1998-07-10,600740,1.49,1.52,1.53,1.47,3357,2898000.0,4.08,3.4,0.05,0.52
1998-07-13,600740,1.52,1.48,1.52,1.48,2800,2417000.0,2.63,-2.63,-0.04,0.43
1998-07-14,600740,1.49,1.51,1.55,1.48,3317,2877000.0,4.73,2.03,0.03,0.51
1998-07-15,600740,1.51,1.57,1.57,1.51,4651,4089000.0,3.97,3.97,0.06,0.72
1998-07-16,600740,1.57,1.52,1.57,1.51,3542,3117000.0,3.82,-3.18,-0.05,0.54
1998-07-17,600740,1.54,1.49,1.54,1.48,3133,2704000.0,3.95,-1.97,-0.03,0.48
1998-07-20,600740,1.49,1.43,1.49,1.42,3299,2769000.0,4.7,-4.03,-0.06,0.51
1998-07-21,600740,1.47,1.47,1.47,1.42,1816,1528000.0,3.5,2.8,0.04,0.28
1998-07-22,600740,1.47,1.42,1.48,1.39,1954,1628000.0,6.12,-3.4,-0.05,0.3
1998-07-23,600740,1.43,1.44,1.47,1.42,1448,1215000.0,3.52,1.41,0.02,0.22
1998-07-24,600740,1.46,1.45,1.47,1.44,1951,1646000.0,2.08,0.69,0.01,0.3
1998-07-27,600740,1.46,1.43,1.46,1.42,2536,2116000.0,2.76,-1.38,-0.02,0.39
1998-07-28,600740,1.43,1.46,1.48,1.43,1639,1389000.0,3.5,2.1,0.03,0.25
1998-07-29,600740,1.46,1.44,1.47,1.43,1159,975000.0,2.74,-1.37,-0.02,0.18
1998-07-30,600740,1.44,1.45,1.46,1.43,1112,935000.0,2.08,0.69,0.01,0.17
1998-07-31,600740,1.46,1.5,1.51,1.46,4784,4133000.0,3.45,3.45,0.05,0.74
1998-08-03,600740,1.5,1.5,1.5,1.48,2368,2035000.0,1.33,0.0,0.0,0.36
1998-08-04,600740,1.47,1.46,1.49,1.44,1612,1367000.0,3.33,-2.67,-0.04,0.25
1998-08-05,600740,1.44,1.47,1.47,1.44,1272,1073000.0,2.05,0.68,0.01,0.2
1998-08-06,600740,1.47,1.49,1.51,1.46,2770,2384000.0,3.4,1.36,0.02,0.43
1998-08-07,600740,1.49,1.44,1.49,1.42,2114,1784000.0,4.7,-3.36,-0.05,0.33
1998-08-10,600740,1.43,1.35,1.43,1.34,3167,2559000.0,6.25,-6.25,-0.09,0.49
1998-08-11,600740,1.35,1.25,1.37,1.24,3537,2719000.0,9.63,-7.41,-0.1,0.54
1998-08-12,600740,1.19,1.25,1.25,1.17,2609,1895619.0,6.4,0.0,0.0,0.4
1998-08-13,600740,1.25,1.27,1.28,1.22,1737,1305000.0,4.8,1.6,0.02,0.27
1998-08-14,600740,1.27,1.19,1.27,1.18,1724,1277000.0,7.09,-6.3,-0.08,0.27
1998-08-17,600740,1.18,1.05,1.19,1.04,4010,2791000.0,12.61,-11.76,-0.14,0.62
1998-08-18,600740,1.04,1.07,1.11,1.04,2398,1623000.0,6.67,1.9,0.02,0.37
1998-08-19,600740,1.08,1.15,1.16,1.07,2236,1553000.0,8.41,7.48,0.08,0.34
1998-08-20,600740,1.15,1.17,1.17,1.11,3259,2315000.0,5.22,1.74,0.02,0.5
1998-08-21,600740,1.17,1.19,1.19,1.15,2970,2133000.0,3.42,1.71,0.02,0.46
1998-08-24,600740,1.17,1.17,1.19,1.16,2856,2056000.0,2.52,-1.68,-0.02,0.44
1998-08-25,600740,1.16,1.19,1.21,1.16,2922,2133000.0,4.27,1.71,0.02,0.45
1998-08-26,600740,1.19,1.16,1.19,1.16,2259,1628000.0,2.52,-2.52,-0.03,0.35
1998-08-27,600740,1.14,1.14,1.17,1.14,1510,1072000.0,2.59,-1.72,-0.02,0.23
1998-08-28,600740,1.14,1.14,1.17,1.14,1825,1293000.0,2.63,0.0,0.0,0.28
1998-08-31,600740,1.13,1.2,1.2,1.06,2959,2059000.0,12.28,5.26,0.06,0.46
1998-09-01,600740,1.17,1.17,1.21,1.15,2318,1680000.0,5.0,-2.5,-0.03,0.36
1998-09-02,600740,1.17,1.15,1.17,1.13,1428,1013000.0,3.42,-1.71,-0.02,0.22
1998-09-03,600740,1.14,1.16,1.17,1.14,953,681000.0,2.61,0.87,0.01,0.15
1998-09-04,600740,1.17,1.2,1.23,1.16,2742,2005000.0,6.03,3.45,0.04,0.42
1998-09-07,600740,1.22,1.29,1.29,1.21,8052,6124000.0,6.67,7.5,0.09,1.24
1998-09-08,600740,1.29,1.24,1.29,1.24,4429,3361000.0,3.88,-3.88,-0.05,0.68
1998-09-09,600740,1.22,1.28,1.28,1.22,2728,2060000.0,4.84,3.23,0.04,0.42
1998-09-10,600740,1.29,1.29,1.3,1.26,5333,4104000.0,3.13,0.78,0.01,0.82
1998-09-11,600740,1.29,1.28,1.32,1.24,3948,3043000.0,6.2,-0.78,-0.01,0.61
1998-09-14,600740,1.29,1.34,1.35,1.25,7490,5817000.0,7.81,4.69,0.06,1.15
1998-09-15,600740,1.34,1.29,1.34,1.29,4325,3383000.0,3.73,-3.73,-0.05,0.67
1998-09-16,600740,1.29,1.31,1.32,1.26,3484,2690000.0,4.65,1.55,0.02,0.54
1998-09-17,600740,1.31,1.27,1.35,1.27,7718,6050000.0,6.11,-3.05,-0.04,1.19
1998-09-18,600740,1.26,1.21,1.26,1.21,4621,3450000.0,3.94,-4.72,-0.06,0.71
1998-09-21,600740,1.2,1.24,1.25,1.17,3117,2280000.0,6.61,2.48,0.03,0.48
1998-09-22,600740,1.22,1.22,1.25,1.19,2141,1589000.0,4.84,-1.61,-0.02,0.33
1998-09-23,600740,1.22,1.23,1.27,1.21,1926,1429000.0,4.92,0.82,0.01,0.3
1998-09-24,600740,1.23,1.2,1.25,1.18,1987,1477000.0,5.69,-2.44,-0.03,0.31
1998-09-25,600740,1.18,1.28,1.3,1.18,5204,3920000.0,10.0,6.67,0.08,0.8
1998-09-28,600740,1.3,1.37,1.39,1.29,19267,15477000.0,7.81,7.03,0.09,2.96
1998-09-29,600740,1.37,1.34,1.37,1.33,6151,4901000.0,2.92,-2.19,-0.03,0.95
1998-09-30,600740,1.34,1.35,1.39,1.34,3704,2964000.0,3.73,0.75,0.01,0.57
1998-10-05,600740,1.35,1.31,1.36,1.3,2684,2107000.0,4.44,-2.96,-0.04,0.41
1998-10-06,600740,1.31,1.28,1.31,1.28,2918,2249000.0,2.29,-2.29,-0.03,0.45
1998-10-07,600740,1.28,1.27,1.29,1.26,2396,1823000.0,2.34,-0.78,-0.01,0.37
1998-10-08,600740,1.26,1.31,1.33,1.26,2124,1649000.0,5.51,3.15,0.04,0.33
1998-10-09,600740,1.32,1.35,1.39,1.32,7708,6205000.0,5.34,3.05,0.04,1.19
1998-10-12,600740,1.35,1.37,1.37,1.31,4507,3588000.0,4.44,1.48,0.02,0.69
1998-10-13,600740,1.39,1.34,1.42,1.33,4268,3452000.0,6.57,-2.19,-0.03,0.66
1998-10-14,600740,1.33,1.33,1.37,1.32,1748,1381000.0,3.73,-0.75,-0.01,0.27
1998-10-15,600740,1.33,1.35,1.37,1.33,2900,2311000.0,3.01,1.5,0.02,0.45
1998-10-16,600740,1.37,1.32,1.37,1.31,2995,2370000.0,4.44,-2.22,-0.03,0.46
1998-10-19,600740,1.32,1.3,1.33,1.3,2954,2302000.0,2.27,-1.52,-0.02,0.45
1998-10-20,600740,1.3,1.3,1.33,1.3,2090,1635000.0,2.31,0.0,0.0,0.32
1998-10-21,600740,1.32,1.25,1.32,1.24,3707,2828000.0,6.15,-3.85,-0.05,0.57
1998-10-22,600740,1.23,1.24,1.24,1.2,3915,2895000.0,3.2,-0.8,-0.01,0.6
1998-10-23,600740,1.24,1.36,1.37,1.21,12697,10003000.0,12.9,9.68,0.12,1.95
1998-10-26,600740,1.37,1.4,1.44,1.35,29556,24372000.0,6.62,2.94,0.04,4.55
1998-10-27,600740,1.4,1.38,1.42,1.36,7081,5770000.0,4.29,-1.43,-0.02,1.09
1998-10-28,600740,1.39,1.39,1.4,1.36,4561,3710000.0,2.9,0.72,0.01,0.7
1998-10-29,600740,1.39,1.43,1.46,1.39,11456,9592000.0,5.04,2.88,0.04,1.76
1998-10-30,600740,1.43,1.37,1.44,1.36,5573,4577000.0,5.59,-4.2,-0.06,0.86
1998-11-02,600740,1.37,1.37,1.39,1.33,4386,3510000.0,4.38,0.0,0.0,0.67
1998-11-03,600740,1.38,1.4,1.42,1.36,3706,3033000.0,4.38,2.19,0.03,0.57
1998-11-04,600740,1.41,1.38,1.41,1.37,2319,1883000.0,2.86,-1.43,-0.02,0.36
1998-11-05,600740,1.38,1.42,1.43,1.37,5443,4451000.0,4.35,2.9,0.04,0.84
1998-11-06,600740,1.42,1.38,1.43,1.38,5887,4829000.0,3.52,-2.82,-0.04,0.91
1998-11-09,600740,1.4,1.43,1.44,1.39,5994,4967000.0,3.62,3.62,0.05,0.92
1998-11-10,600740,1.43,1.41,1.43,1.4,4859,4019000.0,2.1,-1.4,-0.02,0.75
1998-11-11,600740,1.41,1.47,1.49,1.41,14373,12185000.0,5.67,4.26,0.06,2.21
1998-11-12,600740,1.49,1.44,1.51,1.43,7855,6689000.0,5.44,-2.04,-0.03,1.21
1998-11-13,600740,1.44,1.42,1.44,1.4,4053,3359000.0,2.78,-1.39,-0.02,0.62
1998-11-16,600740,1.42,1.42,1.46,1.42,3370,2806000.0,2.82,0.0,0.0,0.52
1998-11-18,600740,1.42,1.39,1.42,1.37,3758,3080000.0,3.52,-2.11,-0.03,0.58
1998-11-19,600740,1.38,1.39,1.4,1.34,5095,4103000.0,4.32,0.0,0.0,0.78
1998-11-20,600740,1.39,1.37,1.39,1.37,2690,2172000.0,1.44,-1.44,-0.02,0.41
1998-11-23,600740,1.37,1.34,1.37,1.33,3516,2788000.0,2.92,-2.19,-0.03,0.54
1998-11-24,600740,1.34,1.37,1.39,1.33,2302,1850000.0,4.48,2.24,0.03,0.35
1998-11-25,600740,1.37,1.34,1.38,1.33,1868,1501000.0,3.65,-2.19,-0.03,0.29
1998-11-26,600740,1.33,1.31,1.34,1.3,3518,2753000.0,2.99,-2.24,-0.03,0.54
1998-11-27,600740,1.31,1.28,1.33,1.28,2860,2214000.0,3.82,-2.29,-0.03,0.44
1998-11-30,600740,1.28,1.29,1.3,1.27,1769,1360000.0,2.34,0.78,0.01,0.27
1998-12-01,600740,1.29,1.31,1.34,1.29,1764,1387000.0,3.88,1.55,0.02,0.27
1998-12-02,600740,1.31,1.32,1.34,1.24,2863,2215000.0,7.63,0.76,0.01,0.44
1998-12-03,600740,1.32,1.33,1.36,1.26,3012,2358000.0,7.58,0.76,0.01,0.46
1998-12-04,600740,1.33,1.27,1.33,1.27,1217,943000.0,4.51,-4.51,-0.06,0.19
1998-12-07,600740,1.31,1.24,1.33,1.23,3298,2487000.0,7.87,-2.36,-0.03,0.51
1998-12-08,600740,1.24,1.26,1.26,1.23,2009,1508000.0,2.42,1.61,0.02,0.31
1998-12-09,600740,1.26,1.28,1.3,1.26,850,653000.0,3.17,1.59,0.02,0.13
1998-12-10,600740,1.27,1.24,1.28,1.24,1500,1129000.0,3.13,-3.13,-0.04,0.23
1998-12-11,600740,1.24,1.26,1.26,1.23,1346,1012000.0,2.42,1.61,0.02,0.21
1998-12-14,600740,1.27,1.23,1.27,1.23,1509,1128000.0,3.17,-2.38,-0.03,0.23
1998-12-15,600740,1.23,1.22,1.23,1.21,1993,1473000.0,1.63,-0.81,-0.01,0.31
1998-12-16,600740,1.23,1.19,1.24,1.19,1567,1154000.0,4.1,-2.46,-0.03,0.24
1998-12-17,600740,1.19,1.15,1.19,1.14,2784,1991000.0,4.2,-3.36,-0.04,0.43
1998-12-18,600740,1.14,1.13,1.18,1.13,2394,1692000.0,4.35,-1.74,-0.02,0.37
1998-12-21,600740,1.13,1.16,1.18,1.13,1077,769000.0,4.42,2.65,0.03,0.17
1998-12-22,600740,1.17,1.21,1.22,1.17,1364,998000.0,4.31,4.31,0.05,0.21
1998-12-23,600740,1.21,1.18,1.21,1.17,977,709000.0,3.31,-2.48,-0.03,0.15
1998-12-24,600740,1.17,1.18,1.19,1.16,952,686000.0,2.54,0.0,0.0,0.15
1998-12-25,600740,1.16,1.19,1.19,1.16,781,566000.0,2.54,0.85,0.01,0.12
1998-12-28,600740,1.18,1.15,1.18,1.15,1460,1044000.0,2.52,-3.36,-0.04,0.22
1998-12-29,600740,1.14,1.14,1.16,1.14,1514,1075000.0,1.74,-0.87,-0.01,0.23
1998-12-30,600740,1.16,1.18,1.18,1.14,860,613000.0,3.51,3.51,0.04,0.13
1998-12-31,600740,1.17,1.15,1.17,1.14,872,622000.0,2.54,-2.54,-0.03,0.13
1999-01-04,600740,1.0,1.1,1.17,1.0,1342,929000.0,14.78,-4.35,-0.05,0.21
1999-01-05,600740,1.09,1.11,1.13,1.09,1043,719000.0,3.64,0.91,0.01,0.16
1999-01-06,600740,1.11,1.12,1.14,1.11,903,634000.0,2.7,0.9,0.01,0.14
1999-01-07,600740,1.12,1.11,1.12,1.09,1499,1036000.0,2.68,-0.89,-0.01,0.23
1999-01-08,600740,1.12,1.14,1.15,1.1,3128,2195000.0,4.5,2.7,0.03,0.48
1999-01-11,600740,1.14,1.13,1.16,1.11,2868,2014000.0,4.39,-0.88,-0.01,0.44
1999-01-12,600740,1.14,1.1,1.14,1.09,4572,3166000.0,4.42,-2.65,-0.03,0.7
1999-01-13,600740,1.09,1.09,1.11,1.08,1962,1347000.0,2.73,-0.91,-0.01,0.3
1999-01-14,600740,1.09,1.09,1.13,1.05,2732,1849000.0,7.34,0.0,0.0,0.42
1999-01-15,600740,1.08,1.03,1.09,1.03,4908,3267000.0,5.5,-5.5,-0.06,0.76
1999-01-18,600740,1.03,1.07,1.07,1.0,3214,2100000.0,6.8,3.88,0.04,0.49
1999-01-19,600740,1.07,1.06,1.08,1.05,1526,1024000.0,2.8,-0.93,-0.01,0.23
1999-01-20,600740,1.08,1.07,1.09,1.07,1397,948000.0,1.89,0.94,0.01,0.21
1999-01-21,600740,1.06,1.06,1.07,1.05,1365,916000.0,1.87,-0.93,-0.01,0.21
1999-01-22,600740,1.06,1.08,1.09,1.06,2401,1633000.0,2.83,1.89,0.02,0.37
1999-01-25,600740,1.08,1.08,1.1,1.08,1774,1211000.0,1.85,0.0,0.0,0.27
1999-01-26,600740,1.09,1.08,1.09,1.07,1217,828000.0,1.85,0.0,0.0,0.19
1999-01-27,600740,1.08,1.07,1.08,1.06,1719,1157000.0,1.85,-0.93,-0.01,0.26
1999-01-28,600740,1.07,1.07,1.1,1.06,1641,1115000.0,3.74,0.0,0.0,0.25
1999-01-29,600740,1.06,1.13,1.13,1.06,3950,2727000.0,6.54,5.61,0.06,0.61
1999-02-01,600740,1.14,1.16,1.2,1.13,8953,6437000.0,6.19,2.65,0.03,1.38
1999-02-02,600740,1.16,1.13,1.18,1.11,2949,2092000.0,6.03,-2.59,-0.03,0.45
1999-02-03,600740,1.14,1.11,1.14,1.1,1768,1228000.0,3.54,-1.77,-0.02,0.27
1999-02-04,600740,1.11,1.07,1.11,1.07,1530,1041000.0,3.6,-3.6,-0.04,0.24
1999-02-05,600740,1.06,1.05,1.07,1.04,1728,1153000.0,2.8,-1.87,-0.02,0.27
1999-02-08,600740,1.06,1.03,1.06,1.02,1530,1015000.0,3.81,-1.9,-0.02,0.24
1999-02-09,600740,1.06,1.07,1.07,1.04,1055,706000.0,2.91,3.88,0.04,0.16
1999-03-01,600740,1.08,1.09,1.1,1.05,842,568000.0,4.67,1.87,0.02,0.13
1999-03-02,600740,1.09,1.1,1.12,1.08,1189,819000.0,3.67,0.92,0.01,0.18
1999-03-03,600740,1.1,1.15,1.15,1.09,2268,1587000.0,5.45,4.55,0.05,0.35
1999-03-04,600740,1.15,1.13,1.15,1.1,1369,955000.0,4.35,-1.74,-0.02,0.21
1999-03-05,600740,1.13,1.12,1.14,1.1,2147,1498000.0,3.54,-0.88,-0.01,0.33
1999-03-08,600740,1.12,1.15,1.16,1.11,2376,1680000.0,4.46,2.68,0.03,0.37
1999-03-09,600740,1.15,1.14,1.18,1.14,2691,1926000.0,3.48,-0.87,-0.01,0.41
1999-03-10,600740,1.12,1.11,1.13,1.1,2045,1415000.0,2.63,-2.63,-0.03,0.31
1999-03-11,600740,1.1,1.14,1.15,1.1,2748,1927000.0,4.5,2.7,0.03,0.42
1999-03-12,600740,1.14,1.18,1.18,1.13,4432,3161000.0,4.39,3.51,0.04,0.68
1999-03-15,600740,1.19,1.19,1.24,1.19,10506,7778000.0,4.24,0.85,0.01,1.62
1999-03-16,600740,1.18,1.2,1.21,1.17,3140,2288000.0,3.36,0.84,0.01,0.48
1999-03-17,600740,1.2,1.16,1.2,1.15,2427,1757000.0,4.17,-3.33,-0.04,0.37
1999-03-18,600740,1.16,1.17,1.19,1.16,2612,1877000.0,2.59,0.86,0.01,0.4
1999-03-19,600740,1.17,1.19,1.19,1.15,1842,1326000.0,3.42,1.71,0.02,0.28
1999-03-22,600740,1.21,1.17,1.24,1.17,4745,3502000.0,5.88,-1.68,-0.02,0.73
1999-03-23,600740,1.16,1.21,1.23,1.15,3765,2762000.0,6.84,3.42,0.04,0.58
1999-03-24,600740,1.21,1.18,1.22,1.17,2617,1912000.0,4.13,-2.48,-0.03,0.4
1999-03-25,600740,1.17,1.18,1.19,1.17,1729,1249000.0,1.69,0.0,0.0,0.27
1999-03-26,600740,1.17,1.18,1.18,1.17,1328,960000.0,0.85,0.0,0.0,0.2
1999-03-29,600740,1.17,1.16,1.18,1.15,1978,1412000.0,2.54,-1.69,-0.02,0.3
1999-03-30,600740,1.19,1.16,1.19,1.15,1237,886000.0,3.45,0.0,0.0,0.19
1999-03-31,600740,1.15,1.17,1.17,1.14,1658,1176000.0,2.59,0.86,0.01,0.26
1999-04-01,600740,1.18,1.21,1.22,1.16,3656,2672000.0,5.13,3.42,0.04,0.56
1999-04-02,600740,1.21,1.21,1.22,1.19,3340,2451000.0,2.48,0.0,0.0,0.51
1999-04-05,600740,1.22,1.23,1.27,1.22,7370,5545000.0,4.13,1.65,0.02,1.13
1999-04-06,600740,1.23,1.22,1.24,1.21,2998,2226000.0,2.44,-0.81,-0.01,0.46
1999-04-07,600740,1.22,1.21,1.23,1.2,2767,2032000.0,2.46,-0.82,-0.01,0.43
1999-04-08,600740,1.21,1.27,1.27,1.21,7297,5502000.0,4.96,4.96,0.06,1.12
1999-04-09,600740,1.27,1.27,1.28,1.25,9136,6991000.0,2.36,0.0,0.0,1.41
1999-04-12,600740,1.27,1.3,1.3,1.26,7048,5419000.0,3.15,2.36,0.03,1.08
1999-04-13,600740,1.3,1.25,1.34,1.24,12043,9412000.0,7.69,-3.85,-0.05,1.85
1999-04-14,600740,1.24,1.22,1.28,1.21,5468,4088000.0,5.6,-2.4,-0.03,0.84
1999-04-15,600740,1.22,1.21,1.24,1.2,3348,2479000.0,3.28,-0.82,-0.01,0.52
1999-04-16,600740,1.21,1.21,1.23,1.19,2647,1944000.0,3.31,0.0,0.0,0.41
1999-04-19,600740,1.19,1.17,1.2,1.16,2681,1931000.0,3.31,-3.31,-0.04,0.41
1999-04-20,600740,1.17,1.18,1.19,1.17,2393,1727000.0,1.71,0.85,0.01,0.37
1999-04-21,600740,1.18,1.17,1.21,1.16,1858,1349000.0,4.24,-0.85,-0.01,0.29
1999-04-22,600740,1.16,1.14,1.16,1.11,2696,1898000.0,4.27,-2.56,-0.03,0.41
1999-04-23,600740,1.14,1.15,1.16,1.14,2036,1442000.0,1.75,0.88,0.01,0.31
1999-04-26,600740,1.14,1.09,1.14,1.07,3120,2150000.0,6.09,-5.22,-0.06,0.48
1999-04-27,600740,1.09,1.06,1.09,1.06,2551,1724000.0,2.75,-2.75,-0.03,0.39
1999-04-28,600740,1.08,1.08,1.12,1.07,1614,1100000.0,4.72,1.89,0.02,0.25
1999-04-29,600740,1.08,1.1,1.1,1.07,845,577000.0,2.78,1.85,0.02,0.13
1999-04-30,600740,1.1,1.1,1.12,1.09,1455,1003000.0,2.73,0.0,0.0,0.22
1999-05-04,600740,1.1,1.09,1.11,1.08,1443,987000.0,2.73,-0.91,-0.01,0.22
1999-05-05,600740,1.09,1.09,1.1,1.08,874,597000.0,1.83,0.0,0.0,0.13
1999-05-06,600740,1.09,1.16,1.16,1.09,1196,829000.0,6.42,6.42,0.07,0.18
1999-05-07,600740,1.16,1.11,1.16,1.11,978,684000.0,4.31,-4.31,-0.05,0.15
1999-05-10,600740,1.1,1.05,1.1,1.03,2666,1789000.0,6.31,-5.41,-0.06,0.41
1999-05-11,600740,1.05,1.08,1.08,1.05,1141,767000.0,2.86,2.86,0.03,0.18
1999-05-12,600740,1.08,1.08,1.08,1.06,1223,823000.0,1.85,0.0,0.0,0.19
1999-05-13,600740,1.08,1.05,1.08,1.05,1211,812000.0,2.78,-2.78,-0.03,0.19
1999-05-14,600740,1.06,1.03,1.06,1.03,1222,808000.0,2.86,-1.9,-0.02,0.19
1999-05-17,600740,1.03,0.99,1.04,0.97,1801,1162000.0,6.8,-3.88,-0.04,0.28
1999-05-19,600740,1.02,1.07,1.07,1.01,1178,782000.0,6.06,8.08,0.08,0.18
1999-05-20,600740,1.07,1.13,1.13,1.06,2846,1953000.0,6.54,5.61,0.06,0.44
1999-05-21,600740,1.14,1.11,1.14,1.09,4811,3345000.0,4.42,-1.77,-0.02,0.74
1999-05-24,600740,1.11,1.13,1.13,1.06,6357,4346000.0,6.31,1.8,0.02,0.98
1999-05-25,600740,1.14,1.1,1.19,1.08,5137,3652000.0,9.73,-2.65,-0.03,0.79
1999-05-26,600740,1.08,1.11,1.13,1.07,3404,2341000.0,5.45,0.91,0.01,0.52
1999-05-27,600740,1.13,1.17,1.18,1.13,7387,5245000.0,4.5,5.41,0.06,1.14
1999-05-28,600740,1.18,1.17,1.23,1.15,9219,6705000.0,6.84,0.0,0.0,1.42
1999-05-31,600740,1.17,1.14,1.23,1.13,5781,4157000.0,8.55,-2.56,-0.03,0.89
1999-06-01,600740,1.14,1.15,1.18,1.12,7449,5243000.0,5.26,0.88,0.01,1.15
1999-06-02,600740,1.17,1.26,1.31,1.14,19230,14295000.0,14.78,9.57,0.11,2.96
1999-06-03,600740,1.24,1.16,1.24,1.16,7651,5556000.0,6.35,-7.94,-0.1,1.18
1999-06-04,600740,1.16,1.16,1.19,1.15,4332,3092000.0,3.45,0.0,0.0,0.67
1999-06-07,600740,1.15,1.18,1.18,1.13,4595,3265000.0,4.31,1.72,0.02,0.71
1999-06-08,600740,1.17,1.19,1.21,1.16,5280,3820000.0,4.24,0.85,0.01,0.81
1999-06-09,600740,1.18,1.19,1.19,1.15,6250,4513000.0,3.36,0.0,0.0,0.96
1999-06-10,600740,1.22,1.27,1.31,1.19,25140,19179000.0,10.08,6.72,0.08,3.87
1999-06-11,600740,1.29,1.34,1.39,1.29,37575,29847000.0,7.87,5.51,0.07,5.78
1999-06-14,600740,1.37,1.38,1.39,1.34,19443,15628000.0,3.73,2.99,0.04,2.99
1999-06-15,600740,1.42,1.26,1.44,1.2,20731,16826000.0,17.39,-8.7,-0.12,3.19
1999-06-16,600740,1.29,1.37,1.38,1.29,11708,9236000.0,7.14,8.73,0.11,1.8
1999-06-17,600740,1.4,1.48,1.49,1.39,35051,29385000.0,7.3,8.03,0.11,5.39
1999-06-18,600740,1.5,1.45,1.51,1.42,26669,22515000.0,6.08,-2.03,-0.03,4.1
1999-06-21,600740,1.47,1.53,1.55,1.47,24225,21197000.0,5.52,5.52,0.08,3.73
1999-06-22,600740,1.55,1.63,1.67,1.53,37053,33662000.0,9.15,6.54,0.1,5.7
1999-06-23,600740,1.65,1.68,1.7,1.63,37098,34802000.0,4.29,3.07,0.05,5.71
1999-06-24,600740,1.68,1.67,1.69,1.58,30495,28305000.0,6.55,-0.6,-0.01,4.69
1999-06-25,600740,1.68,1.49,1.69,1.48,31449,29022000.0,12.57,-10.78,-0.18,4.84
1999-06-28,600740,1.49,1.67,1.67,1.49,30390,27481000.0,12.08,12.08,0.18,4.68
1999-06-29,600740,1.68,1.88,1.88,1.68,59257,59148000.0,11.98,12.57,0.21,9.12
1999-06-30,600740,1.91,1.76,1.95,1.7,54057,55553000.0,13.3,-6.38,-0.12,8.32
1999-07-01,600740,1.73,1.54,1.74,1.54,21356,19513000.0,11.36,-12.5,-0.22,3.29
1999-07-02,600740,1.54,1.61,1.64,1.45,19305,17153000.0,12.34,4.55,0.07,2.97
1999-07-05,600740,1.61,1.49,1.64,1.49,11066,9929000.0,9.32,-7.45,-0.12,1.7
1999-07-06,600740,1.46,1.48,1.54,1.46,8659,7446000.0,5.37,-0.67,-0.01,1.33
1999-07-07,600740,1.48,1.54,1.54,1.47,6811,5899000.0,4.73,4.05,0.06,1.05
1999-07-08,600740,1.54,1.54,1.56,1.51,5885,5163216.0,3.25,0.0,0.0,0.91
1999-07-09,600740,1.55,1.53,1.56,1.51,5068,4462000.0,3.25,-0.65,-0.01,0.78
1999-07-12,600740,1.54,1.5,1.54,1.47,5292,4576794.0,4.58,-1.96,-0.03,0.81
1999-07-13,600740,1.47,1.52,1.57,1.44,7613,6633000.0,8.67,1.33,0.02,1.17
1999-07-14,600740,1.55,1.63,1.65,1.53,12388,11291000.0,7.89,7.24,0.11,1.91
1999-07-15,600740,1.63,1.62,1.65,1.6,9977,9201000.0,3.07,-0.61,-0.01,1.53
1999-07-16,600740,1.62,1.53,1.62,1.51,7351,6577000.0,6.79,-5.56,-0.09,1.13
1999-07-19,600740,1.53,1.48,1.56,1.47,4874,4222000.0,5.88,-3.27,-0.05,0.75
1999-07-20,600740,1.48,1.57,1.58,1.47,5414,4746000.0,7.43,6.08,0.09,0.83
1999-07-22,600740,1.57,1.51,1.57,1.5,4052,3547000.0,4.46,-3.82,-0.06,0.62
1999-07-23,600740,1.71,1.63,1.71,1.56,17632,16490000.0,9.93,7.95,0.12,2.71
1999-07-26,600740,1.58,1.69,1.76,1.58,12230,11685000.0,11.04,3.68,0.06,1.88
1999-07-27,600740,1.59,1.58,1.69,1.55,7391,6661000.0,8.28,-6.51,-0.11,1.14
1999-07-28,600740,1.58,1.58,1.6,1.56,8263,7428000.0,2.53,0.0,0.0,1.27
1999-07-29,600740,1.59,1.76,1.77,1.59,25023,23823000.0,11.39,11.39,0.18,3.85
1999-07-30,600740,1.76,1.82,1.85,1.74,48852,49164239.0,6.25,3.41,0.06,7.52
1999-08-02,600740,1.88,2.0,2.05,1.88,88358,94948000.0,9.34,9.89,0.18,13.59
1999-08-03,600740,2.0,2.03,2.05,1.93,60177,65089000.0,6.0,1.5,0.03,9.26
1999-08-04,600740,2.03,2.04,2.08,1.96,46816,51435000.0,5.91,0.49,0.01,7.2
1999-08-05,600740,2.04,1.96,2.04,1.92,37707,40700000.0,5.88,-3.92,-0.08,5.8
1999-08-06,600740,1.96,1.93,1.96,1.87,30716,32048000.0,4.59,-1.53,-0.03,4.73
1999-08-09,600740,1.92,1.84,1.92,1.8,20060,20613000.0,6.22,-4.66,-0.09,3.09
1999-08-10,600740,1.81,1.82,1.89,1.79,21070,21230000.0,5.43,-1.09,-0.02,3.24
1999-08-11,600740,1.81,1.76,1.85,1.74,12144,12099000.0,6.04,-3.3,-0.06,1.87
1999-08-12,600740,1.76,1.75,1.8,1.71,9269,9030000.0,5.11,-0.57,-0.01,1.43
1999-08-13,600740,1.75,1.77,1.8,1.75,5412,5302000.0,2.86,1.14,0.02,0.83
1999-08-16,600740,1.74,1.79,1.82,1.74,6678,6600000.0,4.52,1.13,0.02,1.03
1999-08-17,600740,1.79,1.8,1.84,1.77,8149,8165000.0,3.91,0.56,0.01,1.25
1999-08-18,600740,1.81,1.79,1.81,1.74,6944,6787000.0,3.89,-0.56,-0.01,1.07
1999-08-19,600740,1.8,1.91,1.96,1.8,18155,18763000.0,8.94,6.7,0.12,2.79
1999-08-20,600740,1.95,1.86,1.95,1.85,11999,12403000.0,5.24,-2.62,-0.05,1.85
1999-08-23,600740,1.92,1.89,1.92,1.85,8743,9025000.0,3.76,1.61,0.03,1.35
1999-08-24,600740,1.9,1.95,2.0,1.89,15783,16785000.0,5.82,3.17,0.06,2.43
1999-08-25,600740,1.97,1.87,1.97,1.85,8879,9227000.0,6.15,-4.1,-0.08,1.37
1999-08-26,600740,1.85,1.9,1.91,1.81,6590,6731000.0,5.35,1.6,0.03,1.01
1999-08-27,600740,1.9,1.84,1.9,1.83,6532,6656000.0,3.68,-3.16,-0.06,1.0
1999-08-30,600740,1.84,1.81,1.85,1.8,7381,7422000.0,2.72,-1.63,-0.03,1.14
1999-08-31,600740,1.81,1.83,1.83,1.8,5814,5842000.0,1.66,1.1,0.02,0.89
1999-09-01,600740,1.84,1.77,1.84,1.76,6270,6221000.0,4.37,-3.28,-0.06,0.96
1999-09-02,600740,1.76,1.77,1.8,1.7,7716,7448000.0,5.65,0.0,0.0,1.19
1999-09-03,600740,1.77,1.71,1.77,1.71,5798,5586000.0,3.39,-3.39,-0.06,0.89
1999-09-06,600740,1.69,1.63,1.69,1.63,6455,5984000.0,3.51,-4.68,-0.08,0.99
1999-09-07,600740,1.65,1.63,1.68,1.63,4365,4057000.0,3.07,0.0,0.0,0.67
1999-09-08,600740,1.63,1.65,1.67,1.62,3205,2975000.0,3.07,1.23,0.02,0.49
1999-09-09,600740,1.69,1.79,1.8,1.69,7275,7133000.0,6.67,8.48,0.14,1.12
1999-09-10,600740,1.81,1.72,1.83,1.71,9905,9688000.0,6.7,-3.91,-0.07,1.52
1999-09-13,600740,1.71,1.75,1.77,1.66,8735,8299000.0,6.4,1.74,0.03,1.34
1999-09-14,600740,1.75,1.74,1.78,1.72,4904,4758000.0,3.43,-0.57,-0.01,0.75
1999-09-15,600740,1.75,1.71,1.75,1.7,3657,3514000.0,2.87,-1.72,-0.03,0.56
1999-09-16,600740,1.71,1.67,1.71,1.67,3917,3696000.0,2.34,-2.34,-0.04,0.6
1999-09-17,600740,1.68,1.68,1.72,1.67,2896,2739000.0,2.99,0.6,0.01,0.45
1999-09-20,600740,1.68,1.65,1.68,1.65,3705,3448000.0,1.79,-1.79,-0.03,0.57
1999-09-21,600740,1.65,1.67,1.67,1.65,1988,1858000.0,1.21,1.21,0.02,0.31
1999-09-22,600740,1.67,1.65,1.68,1.65,1501,1404000.0,1.8,-1.2,-0.02,0.23
1999-09-23,600740,1.65,1.63,1.66,1.62,2916,2688000.0,2.42,-1.21,-0.02,0.45
1999-09-24,600740,1.74,1.66,1.74,1.65,1083,1012000.0,5.52,1.84,0.03,0.17
1999-09-27,600740,1.66,1.62,1.68,1.62,2289,2108000.0,3.61,-2.41,-0.04,0.35
1999-09-28,600740,1.64,1.59,1.64,1.59,2828,2569000.0,3.09,-1.85,-0.03,0.44
1999-09-29,600740,1.6,1.6,1.63,1.59,2035,1848000.0,2.52,0.63,0.01,0.31
1999-09-30,600740,1.62,1.58,1.62,1.58,2086,1888000.0,2.5,-1.25,-0.02,0.32
1999-10-08,600740,1.57,1.54,1.57,1.54,1523,1347000.0,1.9,-2.53,-0.04,0.23
1999-10-11,600740,1.54,1.52,1.56,1.51,1911,1682000.0,3.25,-1.3,-0.02,0.29
1999-10-12,600740,1.54,1.54,1.56,1.53,1091,964000.0,1.97,1.32,0.02,0.17
1999-10-13,600740,1.56,1.52,1.58,1.51,1020,895000.0,4.55,-1.3,-0.02,0.16
1999-10-14,600740,1.51,1.5,1.56,1.5,1327,1157000.0,3.95,-1.32,-0.02,0.2
1999-10-15,600740,1.55,1.54,1.56,1.51,1827,1610000.0,3.33,2.67,0.04,0.28
1999-10-18,600740,1.57,1.48,1.57,1.48,1620,1410000.0,5.84,-3.9,-0.06,0.25
1999-10-19,600740,1.47,1.42,1.47,1.42,2027,1694000.0,3.38,-4.05,-0.06,0.31
1999-10-20,600740,1.43,1.43,1.45,1.4,1671,1391000.0,3.52,0.7,0.01,0.26
1999-10-21,600740,1.44,1.48,1.58,1.42,3570,3061000.0,11.19,3.5,0.05,0.55
1999-10-22,600740,1.49,1.52,1.55,1.48,2599,2276000.0,4.73,2.7,0.04,0.4
1999-10-25,600740,1.51,1.52,1.54,1.51,1636,1428000.0,1.97,0.0,0.0,0.25
1999-10-26,600740,1.52,1.54,1.55,1.52,1224,1080000.0,1.97,1.32,0.02,0.19
1999-10-27,600740,1.58,1.59,1.62,1.56,4386,3960000.0,3.9,3.25,0.05,0.67
1999-10-28,600740,1.61,1.54,1.61,1.52,2389,2129000.0,5.66,-3.14,-0.05,0.37
1999-10-29,600740,1.54,1.52,1.54,1.49,1995,1726000.0,3.25,-1.3,-0.02,0.31
1999-11-01,600740,1.53,1.49,1.53,1.48,1221,1053000.0,3.29,-1.97,-0.03,0.19
1999-11-02,600740,1.47,1.48,1.5,1.47,877,751000.0,2.01,-0.67,-0.01,0.13
1999-11-03,600740,1.48,1.45,1.48,1.45,1441,1222000.0,2.03,-2.03,-0.03,0.22
1999-11-04,600740,1.45,1.46,1.46,1.43,1244,1047000.0,2.07,0.69,0.01,0.19
1999-11-05,600740,1.51,1.46,1.53,1.46,739,628000.0,4.79,0.0,0.0,0.11
1999-11-08,600740,1.44,1.47,1.48,1.44,870,734000.0,2.74,0.68,0.01,0.13
1999-11-09,600740,1.47,1.44,1.47,1.44,1420,1198000.0,2.04,-2.04,-0.03,0.22
1999-11-10,600740,1.44,1.42,1.45,1.41,2076,1726000.0,2.78,-1.39,-0.02,0.32
1999-11-11,600740,1.4,1.41,1.43,1.4,1075,891000.0,2.11,-0.7,-0.01,0.17
1999-11-12,600740,1.41,1.46,1.47,1.41,725,603000.0,4.26,3.55,0.05,0.11
1999-11-15,600740,1.44,1.43,1.45,1.42,992,824000.0,2.05,-2.05,-0.03,0.15
1999-11-16,600740,1.47,1.45,1.49,1.43,953,802000.0,4.2,1.4,0.02,0.15
1999-11-17,600740,1.44,1.52,1.52,1.44,2336,2005000.0,5.52,4.83,0.07,0.36
1999-11-18,600740,1.5,1.58,1.6,1.49,8798,7899000.0,7.24,3.95,0.06,1.35
1999-11-19,600740,1.58,1.61,1.67,1.58,14961,13809000.0,5.7,1.9,0.03,2.3
1999-11-22,600740,1.61,1.58,1.61,1.56,3707,3336000.0,3.11,-1.86,-0.03,0.57
1999-11-23,600740,1.58,1.59,1.63,1.58,1749,1594000.0,3.16,0.63,0.01,0.27
1999-11-24,600740,1.58,1.56,1.6,1.55,1634,1465000.0,3.14,-1.89,-0.03,0.25
1999-11-25,600740,1.55,1.54,1.56,1.52,1156,1019000.0,2.56,-1.28,-0.02,0.18
1999-11-26,600740,1.52,1.58,1.58,1.52,1407,1249000.0,3.9,2.6,0.04,0.22
1999-11-29,600740,1.58,1.6,1.61,1.55,1667,1504000.0,3.8,1.27,0.02,0.26
1999-11-30,600740,1.59,1.63,1.64,1.58,2317,2122000.0,3.75,1.88,0.03,0.36
1999-12-01,600740,1.61,1.63,1.64,1.61,2138,1965000.0,1.84,0.0,0.0,0.33
1999-12-02,600740,1.62,1.6,1.64,1.6,1449,1322000.0,2.45,-1.84,-0.03,0.22
1999-12-03,600740,1.6,1.58,1.62,1.57,1122,1009000.0,3.13,-1.25,-0.02,0.17
1999-12-06,600740,1.58,1.6,1.61,1.58,2139,1935000.0,1.9,1.27,0.02,0.33
1999-12-07,600740,1.62,1.59,1.62,1.59,907,824000.0,1.88,-0.63,-0.01,0.14
1999-12-08,600740,1.58,1.59,1.6,1.57,1084,975000.0,1.89,0.0,0.0,0.17
1999-12-09,600740,1.58,1.54,1.59,1.53,1352,1197000.0,3.77,-3.14,-0.05,0.21
1999-12-10,600740,1.55,1.52,1.55,1.5,1498,1307000.0,3.25,-1.3,-0.02,0.23
1999-12-13,600740,1.52,1.55,1.55,1.44,2216,1926000.0,7.24,1.97,0.03,0.34
1999-12-14,600740,1.48,1.55,1.56,1.48,1609,1415000.0,5.16,0.0,0.0,0.25
1999-12-15,600740,1.56,1.58,1.6,1.53,3106,2792000.0,4.52,1.94,0.03,0.48
1999-12-16,600740,1.58,1.61,1.62,1.54,3385,3057000.0,5.06,1.9,0.03,0.52
1999-12-17,600740,1.59,1.61,1.65,1.59,6783,6243000.0,3.73,0.0,0.0,1.04
1999-12-21,600740,1.59,1.59,1.61,1.55,3069,2767000.0,3.73,-1.24,-0.02,0.47
1999-12-22,600740,1.58,1.67,1.68,1.57,11977,11151000.0,6.92,5.03,0.08,1.84
1999-12-23,600740,1.66,1.65,1.69,1.63,5169,4833000.0,3.59,-1.2,-0.02,0.8
1999-12-24,600740,1.65,1.62,1.65,1.58,3967,3625000.0,4.24,-1.82,-0.03,0.61
1999-12-27,600740,1.65,1.77,1.82,1.65,41522,40187000.0,10.49,9.26,0.15,6.39
1999-12-28,600740,1.76,1.79,1.8,1.72,14944,14602000.0,4.52,1.13,0.02,2.3
1999-12-29,600740,1.79,1.77,1.8,1.74,9680,9516000.0,3.35,-1.12,-0.02,1.49
1999-12-30,600740,1.76,1.77,1.78,1.72,6150,5995000.0,3.39,0.0,0.0,0.95
2000-01-04,600740,1.76,1.81,1.85,1.72,16601,16638000.0,7.34,2.26,0.04,2.55
2000-01-05,600740,1.8,1.77,1.85,1.75,15537,15499000.0,5.52,-2.21,-0.04,2.39
2000-01-06,600740,1.76,1.84,1.84,1.74,14951,14775000.0,5.65,3.95,0.07,2.3
2000-01-07,600740,1.86,1.85,1.92,1.81,31770,32527000.0,5.98,0.54,0.01,4.89
2000-01-10,600740,1.85,1.92,1.96,1.77,33223,34307000.0,10.27,3.78,0.07,5.11
2000-01-11,600740,1.92,1.81,1.94,1.77,15612,15922000.0,8.85,-5.73,-0.11,2.4
2000-01-12,600740,1.79,1.71,1.83,1.7,12828,12484000.0,7.18,-5.52,-0.1,1.97
2000-01-13,600740,1.71,1.71,1.76,1.67,6504,6223000.0,5.26,0.0,0.0,1.0
2000-01-14,600740,1.72,1.63,1.73,1.62,6235,5831000.0,6.43,-4.68,-0.08,0.96
2000-01-17,600740,1.62,1.65,1.67,1.59,5165,4749000.0,4.91,1.23,0.02,0.79
2000-01-18,600740,1.66,1.62,1.7,1.61,5192,4822000.0,5.45,-1.82,-0.03,0.8
2000-01-19,600740,1.62,1.65,1.66,1.61,3693,3424000.0,3.09,1.85,0.03,0.57
2000-01-20,600740,1.65,1.7,1.73,1.63,6949,6577000.0,6.06,3.03,0.05,1.07
2000-01-21,600740,1.71,1.64,1.72,1.63,8401,7850000.0,5.29,-3.53,-0.06,1.29
2000-01-24,600740,1.63,1.59,1.63,1.54,14723,13191000.0,5.49,-3.05,-0.05,2.27
2000-01-25,600740,1.59,1.64,1.67,1.58,6971,6384000.0,5.66,3.14,0.05,1.07
2000-01-26,600740,1.64,1.6,1.65,1.59,4550,4144000.0,3.66,-2.44,-0.04,0.7
2000-01-27,600740,1.6,1.59,1.62,1.58,8579,7766000.0,2.5,-0.63,-0.01,1.32
2000-01-28,600740,1.58,1.62,1.64,1.58,10547,9578000.0,3.77,1.89,0.03,1.62
2000-02-14,600740,1.7,1.81,1.81,1.65,15432,15016000.0,9.88,11.73,0.19,2.37
2000-02-15,600740,1.81,1.7,1.85,1.7,25419,25112000.0,8.29,-6.08,-0.11,3.91
2000-02-16,600740,1.7,1.65,1.71,1.58,19875,18417000.0,7.65,-2.94,-0.05,3.06
2000-02-17,600740,1.65,1.8,1.86,1.64,46749,46161000.0,13.33,9.09,0.15,7.19
2000-02-18,600740,1.77,1.71,1.78,1.67,13764,13152000.0,6.11,-5.0,-0.09,2.12
2000-02-21,600740,1.72,1.87,1.9,1.72,41305,41842000.0,10.53,9.36,0.16,6.35
2000-02-22,600740,1.92,1.68,1.92,1.67,18415,17966000.0,13.37,-10.16,-0.19,2.83
2000-02-23,600740,1.67,1.65,1.73,1.63,15135,14200000.0,5.95,-1.79,-0.03,2.33
2000-02-24,600740,1.66,1.68,1.7,1.65,7568,7092000.0,3.03,1.82,0.03,1.16
2000-02-25,600740,1.68,1.66,1.69,1.62,12090,11176000.0,4.17,-1.19,-0.02,1.86
2000-02-28,600740,1.66,1.69,1.7,1.61,13630,12643000.0,5.42,1.81,0.03,2.1
2000-02-29,600740,1.69,1.66,1.7,1.62,12875,11921000.0,4.73,-1.78,-0.03,1.98
2000-03-01,600740,1.66,1.71,1.74,1.63,15122,14324000.0,6.63,3.01,0.05,2.33
2000-03-02,600740,1.7,1.74,1.74,1.66,13774,13167000.0,4.68,1.75,0.03,2.12
2000-03-03,600740,1.7,1.78,1.85,1.7,30033,29915000.0,8.62,2.3,0.04,4.62
2000-03-06,600740,1.8,1.67,1.83,1.67,16082,15669000.0,8.99,-6.18,-0.11,2.47
2000-03-07,600740,1.67,1.71,1.71,1.65,7276,6824000.0,3.59,2.4,0.04,1.12
2000-03-08,600740,1.72,1.72,1.74,1.67,6742,6390000.0,4.09,0.58,0.01,1.04
2000-03-09,600740,1.74,1.69,1.75,1.67,6726,6390000.0,4.65,-1.74,-0.03,1.03
2000-03-10,600740,1.69,1.64,1.71,1.64,8924,8312000.0,4.14,-2.96,-0.05,1.37
2000-03-13,600740,1.64,1.68,1.71,1.64,4923,4603000.0,4.27,2.44,0.04,0.76
2000-03-14,600740,1.66,1.63,1.66,1.58,9262,8489000.0,4.76,-2.98,-0.05,1.42
2000-03-15,600740,1.63,1.65,1.66,1.63,4282,3978000.0,1.84,1.23,0.02,0.66
2000-03-16,600740,1.65,1.57,1.65,1.55,7077,6411000.0,6.06,-4.85,-0.08,1.09
2000-03-17,600740,1.56,1.6,1.6,1.55,6246,5612000.0,3.18,1.91,0.03,0.96
2000-03-20,600740,1.63,1.64,1.65,1.62,4416,4073000.0,1.88,2.5,0.04,0.68
2000-03-21,600740,1.65,1.65,1.66,1.62,6754,6214000.0,2.44,0.61,0.01,1.04
2000-03-22,600740,1.65,1.67,1.69,1.63,7584,7082000.0,3.64,1.21,0.02,1.17
2000-03-23,600740,1.68,1.7,1.71,1.65,8497,8000000.0,3.59,1.8,0.03,1.31
2000-03-24,600740,1.7,1.71,1.76,1.69,19110,18406000.0,4.12,0.59,0.01,2.94
2000-03-27,600740,1.72,1.79,1.79,1.72,18511,18158000.0,4.09,4.68,0.08,2.85
2000-03-28,600740,1.81,1.77,1.83,1.75,15607,15421000.0,4.47,-1.12,-0.02,2.4
2000-03-29,600740,1.77,1.75,1.8,1.72,9552,9298000.0,4.52,-1.13,-0.02,1.47
2000-03-30,600740,1.75,1.84,1.88,1.75,32738,32969000.0,7.43,5.14,0.09,5.04
2000-03-31,600740,1.84,1.82,1.87,1.81,22281,22598000.0,3.26,-1.09,-0.02,3.43
2000-04-03,600740,1.82,1.9,1.97,1.82,42866,44950000.0,8.24,4.4,0.08,6.59
2000-04-04,600740,1.9,1.79,1.91,1.78,20877,21115000.0,6.84,-5.79,-0.11,3.21
2000-04-05,600740,1.79,1.84,1.85,1.79,15441,15510000.0,3.35,2.79,0.05,2.38
2000-04-06,600740,1.85,1.99,2.04,1.85,50476,54057000.0,10.33,8.15,0.15,7.77
2000-04-07,600740,2.01,2.09,2.09,1.97,66994,74050000.0,6.03,5.03,0.1,10.31
2000-04-10,600740,2.15,2.11,2.26,2.1,73654,84915000.0,7.66,0.96,0.02,11.33
2000-04-11,600740,2.1,2.13,2.17,2.04,32980,37145000.0,6.16,0.95,0.02,5.07
2000-04-12,600740,2.13,2.05,2.15,2.0,25478,28397000.0,7.04,-3.76,-0.08,3.92
2000-04-13,600740,2.04,2.09,2.13,2.02,22976,25564000.0,5.37,1.95,0.04,3.53
2000-04-14,600740,2.1,2.1,2.11,2.04,17449,19407000.0,3.35,0.48,0.01,2.68
2000-04-17,600740,2.08,1.96,2.09,1.95,24236,26336000.0,6.67,-6.67,-0.14,3.73
2000-04-18,600740,1.96,1.99,2.0,1.92,13532,14478000.0,4.08,1.53,0.03,2.08
2000-04-19,600740,1.99,2.03,2.1,1.99,14669,16163000.0,5.53,2.01,0.04,2.26
2000-04-21,600740,2.08,2.02,2.13,2.01,13797,15384000.0,5.91,-0.49,-0.01,2.12
2000-04-24,600740,1.99,1.98,2.03,1.96,11912,12810000.0,3.47,-1.98,-0.04,1.83
2000-04-25,600740,1.98,2.04,2.09,1.98,13652,15098000.0,5.56,3.03,0.06,2.1
2000-04-26,600740,2.05,2.08,2.12,2.05,20866,23489000.0,3.43,1.96,0.04,3.21
2000-04-27,600740,2.1,2.0,2.12,1.99,10436,11511000.0,6.25,-3.85,-0.08,1.61
2000-04-28,600740,2.01,2.02,2.07,2.01,6306,6898000.0,3.0,1.0,0.02,0.97
2000-05-08,600740,2.04,1.99,2.06,1.97,7442,8099000.0,4.46,-1.49,-0.03,1.14
2000-05-09,600740,1.99,1.93,1.99,1.91,9770,10330000.0,4.02,-3.02,-0.06,1.5
2000-05-10,600740,1.92,1.82,1.92,1.82,8200,8359000.0,5.18,-5.7,-0.11,1.26
2000-05-11,600740,1.83,1.8,1.85,1.8,6312,6365000.0,2.75,-1.1,-0.02,0.97
2000-05-12,600740,1.83,1.76,1.83,1.75,6307,6249000.0,4.44,-2.22,-0.04,0.97
2000-05-15,600740,1.74,1.71,1.75,1.7,4702,4508000.0,2.84,-2.84,-0.05,0.72
2000-05-16,600740,1.71,1.73,1.77,1.71,3621,3521000.0,3.51,1.17,0.02,0.56
2000-05-17,600740,1.74,1.74,1.76,1.74,3111,3038000.0,1.16,0.58,0.01,0.48
2000-05-18,600740,1.75,1.8,1.8,1.72,4814,4720000.0,4.6,3.45,0.06,0.74
2000-05-19,600740,1.81,1.82,1.82,1.8,7390,7383000.0,1.11,1.11,0.02,1.14
2000-05-22,600740,1.83,1.88,1.9,1.82,9680,9868000.0,4.4,3.3,0.06,1.49
2000-05-23,600740,1.88,1.85,1.89,1.83,6097,6215000.0,3.19,-1.6,-0.03,0.94
2000-05-24,600740,1.85,1.88,1.92,1.85,7983,8251000.0,3.78,1.62,0.03,1.23
2000-05-25,600740,1.9,1.92,1.95,1.89,7650,8016000.0,3.19,2.13,0.04,1.18
2000-05-26,600740,1.93,1.89,1.94,1.88,8062,8403000.0,3.13,-1.56,-0.03,1.24
2000-05-29,600740,1.89,1.97,1.99,1.89,11227,11947000.0,5.29,4.23,0.08,1.73
2000-05-30,600740,1.99,1.89,1.99,1.89,8095,8534000.0,5.08,-4.06,-0.08,1.25
2000-05-31,600740,1.89,1.93,1.93,1.87,6592,6864000.0,3.17,2.12,0.04,1.01
2000-06-01,600740,1.95,1.97,1.99,1.93,9416,10073000.0,3.11,2.07,0.04,1.45
2000-06-02,600740,1.99,2.03,2.04,1.97,14284,15558000.0,3.55,3.05,0.06,2.2
2000-06-05,600740,2.05,2.03,2.15,2.0,26631,29882000.0,7.39,0.0,0.0,4.1
2000-06-06,600740,2.03,2.04,2.08,2.0,11274,12385000.0,3.94,0.49,0.01,1.73
2000-06-07,600740,2.05,2.06,2.08,2.01,12985,14406000.0,3.43,0.98,0.02,2.0
2000-06-08,600740,2.09,2.15,2.16,2.05,38628,44037000.0,5.34,4.37,0.09,5.94
2000-06-09,600740,2.17,2.04,2.19,2.04,19199,21616000.0,6.98,-5.12,-0.11,2.95
2000-06-12,600740,2.03,2.04,2.07,2.0,10610,11620000.0,3.43,0.0,0.0,1.63
2000-06-13,600740,2.05,2.1,2.1,2.05,9532,10656000.0,2.45,2.94,0.06,1.47
2000-06-14,600740,2.1,2.05,2.1,2.03,10331,11455000.0,3.33,-2.38,-0.05,1.59
2000-06-15,600740,2.05,2.04,2.06,2.01,9046,9956000.0,2.44,-0.49,-0.01,1.39
2000-06-16,600740,2.04,2.03,2.1,2.03,9869,10971000.0,3.43,-0.49,-0.01,1.52
2000-06-19,600740,2.02,2.04,2.06,2.0,7003,7705000.0,2.96,0.49,0.01,1.08
2000-06-20,600740,2.04,2.0,2.04,1.99,6669,7266000.0,2.45,-1.96,-0.04,1.03
2000-06-21,600740,1.99,2.0,2.01,1.97,5511,5949000.0,2.0,0.0,0.0,0.85
2000-06-22,600740,2.04,2.09,2.1,2.04,17054,19145000.0,3.0,4.5,0.09,2.62
2000-06-23,600740,2.1,2.1,2.12,2.07,10420,11727000.0,2.39,0.48,0.01,1.6
2000-06-26,600740,2.14,2.22,2.23,2.12,37008,43075000.0,5.24,5.71,0.12,5.69
2000-06-27,600740,2.22,2.2,2.23,2.17,15639,18284000.0,2.7,-0.9,-0.02,2.41
2000-06-28,600740,2.21,2.2,2.22,2.17,13907,16267000.0,2.27,0.0,0.0,2.14
2000-06-29,600740,2.19,2.12,2.19,2.1,14617,16687000.0,4.09,-3.64,-0.08,2.25
2000-06-30,600740,2.12,2.26,2.37,2.11,42492,50973000.0,12.26,6.6,0.14,6.54
2000-07-03,600740,2.19,2.31,2.33,2.15,33978,40890000.0,7.96,2.21,0.05,5.23
2000-07-04,600740,2.31,2.49,2.53,2.27,58631,73404000.0,11.26,7.79,0.18,9.02
2000-07-05,600740,2.49,2.45,2.52,2.38,53621,68766000.0,5.62,-1.61,-0.04,8.25
2000-07-06,600740,2.47,2.44,2.59,2.43,57673,75336000.0,6.53,-0.41,-0.01,8.87
2000-07-07,600740,2.43,2.44,2.48,2.36,26681,33768000.0,4.92,0.0,0.0,4.1
2000-07-10,600740,2.45,2.5,2.5,2.4,21715,28042000.0,4.1,2.46,0.06,3.34
2000-07-11,600740,2.52,2.43,2.58,2.43,20301,26419000.0,6.0,-2.8,-0.07,3.12
2000-07-12,600740,2.43,2.44,2.46,2.4,15550,19759000.0,2.47,0.41,0.01,2.39
2000-07-13,600740,2.45,2.35,2.47,2.33,13832,17434986.0,5.74,-3.69,-0.09,2.13
2000-07-14,600740,2.34,2.35,2.38,2.31,13628,16776000.0,2.98,0.0,0.0,2.1
2000-07-17,600740,2.35,2.31,2.36,2.31,11304,13858000.0,2.13,-1.7,-0.04,1.74
2000-07-18,600740,2.31,2.48,2.51,2.31,16289,20727000.0,8.66,7.36,0.17,2.51
2000-07-19,600740,2.49,2.42,2.51,2.41,9822,12609000.0,4.03,-2.42,-0.06,1.51
2000-07-20,600740,2.42,2.39,2.47,2.38,8084,10208000.0,3.72,-1.24,-0.03,1.24
2000-07-21,600740,2.39,2.43,2.45,2.39,6170,7836000.0,2.51,1.67,0.04,0.95
2000-07-24,600740,2.43,2.39,2.45,2.38,6178,7773000.0,2.88,-1.65,-0.04,0.95
2000-07-25,600740,2.4,2.46,2.46,2.4,5618,7182000.0,2.51,2.93,0.07,0.86
2000-07-26,600740,2.47,2.51,2.54,2.43,17144,22353000.0,4.47,2.03,0.05,2.64
2000-07-27,600740,2.53,2.44,2.53,2.43,11617,15029000.0,3.98,-2.79,-0.07,1.79
2000-07-28,600740,2.42,2.41,2.48,2.4,6823,8692000.0,3.28,-1.23,-0.03,1.05
2000-07-31,600740,2.41,2.43,2.44,2.38,8561,10805000.0,2.49,0.83,0.02,1.32
2000-08-01,600740,2.45,2.4,2.45,2.39,6960,8790000.0,2.47,-1.23,-0.03,1.07
2000-08-02,600740,2.41,2.44,2.45,2.38,7698,9699000.0,2.92,1.67,0.04,1.18
2000-08-03,600740,2.45,2.41,2.46,2.41,5967,7590000.0,2.05,-1.23,-0.03,0.92
2000-08-04,600740,2.42,2.47,2.49,2.4,16528,21238000.0,3.73,2.49,0.06,2.54
2000-08-07,600740,2.48,2.55,2.56,2.45,25747,34026000.0,4.45,3.24,0.08,3.96
2000-08-08,600740,2.55,2.64,2.67,2.51,29819,39946000.0,6.27,3.53,0.09,4.59
2000-08-09,600740,2.64,2.58,2.67,2.57,19333,26236000.0,3.79,-2.27,-0.06,2.97
2000-08-10,600740,2.58,2.55,2.61,2.52,13587,18032000.0,3.49,-1.16,-0.03,2.09
2000-08-11,600740,2.55,2.5,2.57,2.5,9918,13054000.0,2.75,-1.96,-0.05,1.53
2000-08-14,600740,2.5,2.51,2.54,2.48,9266,12125000.0,2.4,0.4,0.01,1.43
2000-08-15,600740,2.51,2.49,2.52,2.48,8089,10511000.0,1.59,-0.8,-0.02,1.24
2000-08-16,600740,2.51,2.52,2.54,2.48,6944,9074000.0,2.41,1.2,0.03,1.07
2000-08-17,600740,2.52,2.5,2.55,2.49,7202,9442000.0,2.38,-0.79,-0.02,1.11
2000-08-18,600740,2.5,2.5,2.53,2.49,6456,8443000.0,1.6,0.0,0.0,0.99
2000-08-21,600740,2.51,2.56,2.58,2.49,11083,14607000.0,3.6,2.4,0.06,1.71
2000-08-22,600740,2.57,2.48,2.59,2.45,10373,13781000.0,5.47,-3.13,-0.08,1.6
2000-08-23,600740,2.45,2.38,2.47,2.27,25397,31687000.0,8.06,-4.03,-0.1,3.91
2000-08-24,600740,2.38,2.36,2.42,2.32,13853,17253000.0,4.2,-0.84,-0.02,2.13
2000-08-28,600740,2.38,2.43,2.44,2.37,6336,8034000.0,2.97,2.97,0.07,0.97
2000-08-29,600740,2.43,2.39,2.44,2.38,7988,10043000.0,2.47,-1.65,-0.04,1.23
2000-08-30,600740,2.39,2.35,2.4,2.35,7817,9725000.0,2.09,-1.67,-0.04,1.2
2000-08-31,600740,2.32,2.24,2.32,2.23,14613,17645000.0,3.83,-4.68,-0.11,2.25
2000-09-01,600740,2.21,2.18,2.24,2.18,9456,11101000.0,2.68,-2.68,-0.06,1.45
2000-09-04,600740,2.15,2.22,2.22,2.15,5410,6329000.0,3.21,1.83,0.04,0.83
2000-09-05,600740,2.22,2.15,2.26,2.13,6416,7544000.0,5.86,-3.15,-0.07,0.99
2000-09-06,600740,2.13,2.06,2.15,2.05,9720,10909000.0,4.65,-4.19,-0.09,1.5
2000-09-07,600740,2.06,2.07,2.14,2.05,7099,7930000.0,4.37,0.49,0.01,1.09
2000-09-08,600740,2.08,2.12,2.12,2.07,3814,4284000.0,2.42,2.42,0.05,0.59
2000-09-11,600740,2.12,2.13,2.14,2.1,3005,3420000.0,1.89,0.47,0.01,0.46
2000-09-12,600740,2.14,2.13,2.15,2.1,3329,3786000.0,2.35,0.0,0.0,0.51
2000-09-13,600740,2.13,2.16,2.19,2.13,4662,5391000.0,2.82,1.41,0.03,0.72
2000-09-14,600740,2.16,2.16,2.18,2.15,3935,4544000.0,1.39,0.0,0.0,0.61
2000-09-15,600740,2.16,2.13,2.17,2.11,3262,3726000.0,2.78,-1.39,-0.03,0.5
2000-09-18,600740,2.21,2.21,2.26,2.18,12038,14253000.0,3.76,3.76,0.08,1.85
2000-09-19,600740,2.1,2.12,2.21,2.08,6224,7172000.0,5.88,-4.07,-0.09,0.96
2000-09-20,600740,2.13,2.25,2.25,2.13,9738,11485000.0,5.66,6.13,0.13,1.5
2000-09-21,600740,2.25,2.22,2.26,2.19,7720,9143000.0,3.11,-1.33,-0.03,1.19
2000-09-22,600740,2.22,2.2,2.23,2.17,4600,5376000.0,2.7,-0.9,-0.02,0.71
2000-09-25,600740,2.2,2.16,2.24,2.15,3449,4043000.0,4.09,-1.82,-0.04,0.53
2000-09-26,600740,2.17,2.14,2.21,2.12,3116,3578000.0,4.17,-0.93,-0.02,0.48
2000-09-27,600740,2.17,2.17,2.2,2.15,1580,1834000.0,2.34,1.4,0.03,0.24
2000-09-28,600740,2.16,2.12,2.19,2.12,2432,2789000.0,3.23,-2.3,-0.05,0.37
2000-09-29,600740,2.13,2.14,2.15,2.1,3825,4362000.0,2.36,0.94,0.02,0.59
2000-10-09,600740,2.15,2.21,2.22,2.12,3680,4262000.0,4.67,3.27,0.07,0.57
2000-10-10,600740,2.25,2.26,2.26,2.21,6822,8109000.0,2.26,2.26,0.05,1.05
2000-10-11,600740,2.26,2.23,2.26,2.22,3336,3957000.0,1.77,-1.33,-0.03,0.51
2000-10-12,600740,2.22,2.27,2.27,2.19,5807,6905000.0,3.59,1.79,0.04,0.89
2000-10-13,600740,2.28,2.26,2.37,2.25,12080,14771000.0,5.29,-0.44,-0.01,1.86
2000-10-16,600740,2.25,2.22,2.26,2.22,3583,4257000.0,1.77,-1.77,-0.04,0.55
2000-10-17,600740,2.22,2.29,2.3,2.22,3340,4003000.0,3.6,3.15,0.07,0.51
2000-10-18,600740,2.31,2.3,2.32,2.26,5653,6846000.0,2.62,0.44,0.01,0.87
2000-10-19,600740,2.35,2.25,2.35,2.23,4635,5599000.0,5.22,-2.17,-0.05,0.71
2000-10-20,600740,2.24,2.29,2.3,2.22,5134,6126000.0,3.56,1.78,0.04,0.79
2000-10-23,600740,2.29,2.29,2.33,2.27,4957,6017000.0,2.62,0.0,0.0,0.76
2000-10-24,600740,2.3,2.27,2.31,2.26,4720,5687000.0,2.18,-0.87,-0.02,0.73
2000-10-25,600740,2.29,2.34,2.36,2.26,9155,11204000.0,4.41,3.08,0.07,1.41
2000-10-26,600740,2.34,2.32,2.36,2.31,4362,5365000.0,2.14,-0.85,-0.02,0.67
2000-10-27,600740,2.32,2.29,2.33,2.27,3293,3994000.0,2.59,-1.29,-0.03,0.51
2000-10-30,600740,2.29,2.36,2.38,2.29,7734,9569000.0,3.93,3.06,0.07,1.19
2000-10-31,600740,2.36,2.31,2.43,2.31,5019,6228000.0,5.08,-2.12,-0.05,0.77
2000-11-01,600740,2.31,2.34,2.36,2.31,3261,4008000.0,2.16,1.3,0.03,0.5
2000-11-02,600740,2.34,2.34,2.38,2.33,5185,6436000.0,2.14,0.0,0.0,0.8
2000-11-03,600740,2.35,2.36,2.37,2.32,5127,6318000.0,2.14,0.85,0.02,0.79
2000-11-06,600740,2.36,2.39,2.41,2.36,6435,8085000.0,2.12,1.27,0.03,0.99
2000-11-07,600740,2.4,2.46,2.46,2.37,17304,22104000.0,3.77,2.93,0.07,2.66
2000-11-08,600740,2.46,2.54,2.58,2.45,39873,52598000.0,5.28,3.25,0.08,6.13
2000-11-09,600740,2.56,2.59,2.6,2.51,25139,33402000.0,3.54,1.97,0.05,3.87
2000-11-10,600740,2.6,2.55,2.61,2.53,22981,30641000.0,3.09,-1.54,-0.04,3.54
2000-11-13,600740,2.54,2.54,2.61,2.53,13570,18032000.0,3.14,-0.39,-0.01,2.09
2000-11-14,600740,2.54,2.55,2.57,2.51,12233,16145000.0,2.36,0.39,0.01,1.88
2000-11-15,600740,2.55,2.48,2.55,2.48,15842,20696000.0,2.75,-2.75,-0.07,2.44
2000-11-16,600740,2.47,2.63,2.63,2.46,20217,26564000.0,6.85,6.05,0.15,3.11
2000-11-17,600740,2.63,2.65,2.69,2.59,29701,40503000.0,3.8,0.76,0.02,4.57
2000-11-20,600740,2.67,2.85,2.88,2.67,61750,89174000.0,7.92,7.55,0.2,9.5
2000-11-21,600740,2.85,2.78,2.91,2.77,33600,49106000.0,4.91,-2.46,-0.07,5.17
2000-11-22,600740,2.78,2.95,2.96,2.78,29521,43446000.0,6.47,6.12,0.17,4.54
2000-11-23,600740,2.97,2.95,2.99,2.91,19961,29968000.0,2.71,0.0,0.0,3.07
2000-11-24,600740,2.94,2.88,3.1,2.84,38208,57610000.0,8.81,-2.37,-0.07,5.88
2000-11-27,600740,2.84,2.97,2.98,2.8,27543,40436000.0,6.25,3.13,0.09,4.24
2000-11-28,600740,2.98,2.99,3.06,2.96,16164,24665000.0,3.37,0.67,0.02,2.49
2000-11-29,600740,3.0,2.87,3.0,2.84,16119,23758000.0,5.35,-4.01,-0.12,2.48
2000-11-30,600740,2.86,2.76,2.86,2.73,29593,42124000.0,4.53,-3.83,-0.11,4.55
2000-12-01,600740,2.76,2.79,2.83,2.72,16791,23874000.0,3.99,1.09,0.03,2.58
2000-12-04,600740,2.79,2.76,2.81,2.75,8042,11436000.0,2.15,-1.08,-0.03,1.24
2000-12-05,600740,2.76,2.8,2.83,2.76,8086,11637000.0,2.54,1.45,0.04,1.24
2000-12-06,600740,2.79,2.73,2.82,2.72,10154,14427000.0,3.57,-2.5,-0.07,1.56
2000-12-07,600740,2.76,2.7,2.76,2.66,11975,16681000.0,3.66,-1.1,-0.03,1.84
2000-12-08,600740,2.67,2.68,2.72,2.66,5478,7607000.0,2.22,-0.74,-0.02,0.84
2000-12-11,600740,2.68,2.6,2.7,2.59,12205,16708000.0,4.1,-2.99,-0.08,1.88
2000-12-12,600740,2.6,2.7,2.71,2.56,14726,20081000.0,5.77,3.85,0.1,2.27
2000-12-13,600740,2.72,2.68,2.73,2.66,15943,22115000.0,2.59,-0.74,-0.02,2.45
2000-12-14,600740,2.68,2.77,2.86,2.68,10139,13116000.0,6.72,3.36,0.09,1.2
2000-12-15,600740,2.77,2.72,2.78,2.71,2894,3703000.0,2.53,-1.81,-0.05,0.34
2000-12-18,600740,2.71,2.73,2.74,2.65,4559,5778000.0,3.31,0.37,0.01,0.54
2000-12-19,600740,2.77,2.75,2.78,2.71,3822,4904000.0,2.56,0.73,0.02,0.45
2000-12-20,600740,2.75,2.86,2.88,2.75,8063,10557000.0,4.73,4.0,0.11,0.95
2000-12-21,600740,2.89,2.92,2.99,2.89,9591,12949000.0,3.5,2.1,0.06,1.14
2000-12-22,600740,2.95,2.99,3.05,2.87,14870,20303000.0,6.16,2.4,0.07,1.76
2000-12-25,600740,3.01,2.96,3.04,2.93,9589,13064000.0,3.68,-1.0,-0.03,1.14
2000-12-26,600740,2.97,2.97,3.01,2.96,6729,9164000.0,1.69,0.34,0.01,0.8
2000-12-27,600740,2.98,3.0,3.09,2.98,15651,21585000.0,3.7,1.01,0.03,1.85
2000-12-28,600740,3.01,3.18,3.19,3.0,13796,19455000.0,6.33,6.0,0.18,1.63
2000-12-29,600740,3.18,3.23,3.23,3.16,12011,17262000.0,2.2,1.57,0.05,1.42
2001-01-02,600740,3.27,3.27,3.38,3.24,36562,53932000.0,4.33,1.24,0.04,4.33
2001-01-03,600740,3.28,3.26,3.37,3.25,20935,30791000.0,3.67,-0.31,-0.01,2.48
2001-01-04,600740,3.26,3.44,3.44,3.19,49008,73070000.0,7.67,5.52,0.18,5.8
2001-01-05,600740,3.46,3.58,3.59,3.42,35706,55140000.0,4.94,4.07,0.14,4.23
2001-01-08,600740,3.6,3.38,3.63,3.36,35961,54732000.0,7.54,-5.59,-0.2,4.26
2001-01-09,600740,3.38,3.44,3.47,3.35,14828,22331000.0,3.55,1.78,0.06,1.76
2001-01-10,600740,3.44,3.48,3.52,3.44,10394,15919000.0,2.33,1.16,0.04,1.23
2001-01-11,600740,3.49,3.4,3.51,3.38,14416,21754000.0,3.74,-2.3,-0.08,1.71
2001-01-12,600740,3.39,3.32,3.39,3.3,15904,23496000.0,2.65,-2.35,-0.08,1.88
2001-01-15,600740,3.27,3.12,3.31,3.11,14987,21571000.0,6.02,-6.02,-0.2,1.77
2001-01-16,600740,3.07,3.21,3.24,3.06,11530,16387000.0,5.77,2.88,0.09,1.37
2001-01-17,600740,3.18,3.16,3.21,3.15,5765,8230000.0,1.87,-1.56,-0.05,0.68
2001-01-18,600740,3.16,3.32,3.32,3.16,11587,16857000.0,5.06,5.06,0.16,1.37
2001-01-19,600740,3.33,3.31,3.4,3.3,16562,24667000.0,3.01,-0.3,-0.01,1.96
2001-02-05,600740,3.3,3.12,3.3,3.1,9205,13123000.0,6.04,-5.74,-0.19,1.09
2001-02-06,600740,3.09,3.03,3.11,2.97,10625,14666000.0,4.49,-2.88,-0.09,1.26
2001-02-07,600740,3.04,3.07,3.11,3.04,6430,8946000.0,2.31,1.32,0.04,0.76
2001-02-08,600740,3.07,2.9,3.07,2.88,9066,12310000.0,6.19,-5.54,-0.17,1.07
2001-02-09,600740,2.92,2.96,3.03,2.91,9413,12731000.0,4.14,2.07,0.06,1.11
2001-02-12,600740,2.96,3.08,3.08,2.92,8463,11651000.0,5.41,4.05,0.12,1.0
2001-02-13,600740,3.09,3.15,3.21,3.09,11954,17027000.0,3.9,2.27,0.07,1.42
2001-02-14,600740,3.15,3.16,3.17,3.13,4466,6337000.0,1.27,0.32,0.01,0.53
2001-02-15,600740,3.16,3.12,3.2,3.09,5366,7592000.0,3.48,-1.27,-0.04,0.64
2001-02-16,600740,3.09,3.1,3.11,2.97,11290,15532000.0,4.49,-0.64,-0.02,1.34
2001-02-19,600740,3.1,3.14,3.17,3.04,4224,5934000.0,4.19,1.29,0.04,0.5
2001-02-20,600740,3.15,3.12,3.16,3.07,4943,6951000.0,2.87,-0.64,-0.02,0.59
2001-02-21,600740,3.12,2.99,3.12,2.98,8124,11170000.0,4.49,-4.17,-0.13,0.96
2001-02-22,600740,2.99,3.09,3.15,2.98,6801,9509000.0,5.69,3.34,0.1,0.81
2001-02-23,600740,3.09,3.18,3.18,3.07,11223,15892000.0,3.56,2.91,0.09,1.33
2001-02-26,600740,3.2,3.32,3.33,3.2,17130,25027000.0,4.09,4.4,0.14,2.03
2001-02-27,600740,3.35,3.33,3.36,3.3,14850,21972000.0,1.81,0.3,0.01,1.76
2001-02-28,600740,3.33,3.3,3.34,3.27,7971,11715000.0,2.1,-0.9,-0.03,0.94
2001-03-01,600740,3.3,3.4,3.41,3.28,13372,19966000.0,3.94,3.03,0.1,1.58
2001-03-02,600740,3.39,3.38,3.44,3.36,11057,16579000.0,2.35,-0.59,-0.02,1.31
2001-03-05,600740,3.38,3.34,3.4,3.33,6738,10010000.0,2.07,-1.18,-0.04,0.8
2001-03-06,600740,3.33,3.42,3.42,3.3,9689,14435000.0,3.59,2.4,0.08,1.15
2001-03-07,600740,3.41,3.37,3.44,3.33,5659,8496000.0,3.22,-1.46,-0.05,0.67
2001-03-08,600740,3.36,3.36,3.38,3.34,5799,8628000.0,1.19,-0.3,-0.01,0.69
2001-03-09,600740,3.35,3.32,3.36,3.28,9094,13368000.0,2.38,-1.19,-0.04,1.08
2001-03-12,600740,3.27,3.33,3.38,3.24,6518,9583000.0,4.22,0.3,0.01,0.77
2001-03-13,600740,3.3,3.31,3.37,3.24,5501,8090000.0,3.9,-0.6,-0.02,0.65
2001-03-14,600740,3.32,3.44,3.46,3.28,15602,23518000.0,5.44,3.93,0.13,1.85
2001-03-15,600740,3.45,3.43,3.45,3.41,7739,11700000.0,1.16,-0.29,-0.01,0.92
2001-03-16,600740,3.43,3.48,3.48,3.38,11021,16674000.0,2.92,1.46,0.05,1.31
2001-03-19,600740,3.49,3.51,3.57,3.48,14686,22714000.0,2.59,0.86,0.03,1.74
2001-03-20,600740,3.53,3.51,3.54,3.48,7602,11713000.0,1.71,0.0,0.0,0.9
2001-03-21,600740,3.52,3.51,3.53,3.49,7494,11549000.0,1.14,0.0,0.0,0.89
2001-03-22,600740,3.52,3.52,3.62,3.51,14123,22025000.0,3.13,0.28,0.01,1.67
2001-03-23,600740,3.52,3.37,3.55,3.36,18917,28667000.0,5.4,-4.26,-0.15,2.24
2001-03-26,600740,3.36,3.42,3.45,3.35,9493,14273000.0,2.97,1.48,0.05,1.12
2001-03-27,600740,3.43,3.45,3.47,3.4,7671,11626000.0,2.05,0.88,0.03,0.91
2001-03-28,600740,3.45,3.43,3.46,3.38,8122,12231000.0,2.32,-0.58,-0.02,0.96
2001-03-29,600740,3.42,3.4,3.46,3.4,6627,10023000.0,1.75,-0.87,-0.03,0.78
2001-03-30,600740,3.4,3.44,3.46,3.38,4669,7056000.0,2.35,1.18,0.04,0.55
2001-04-02,600740,3.44,3.71,3.71,3.44,25434,39681000.0,7.85,7.85,0.27,3.01
2001-04-03,600740,3.72,3.75,3.76,3.64,30109,48578000.0,3.23,1.08,0.04,3.57
2001-04-04,600740,3.75,3.6,3.76,3.56,17062,27239000.0,5.33,-4.0,-0.15,2.02
2001-04-05,600740,3.54,3.75,3.76,3.54,12882,20385000.0,6.11,4.17,0.15,1.53
2001-04-06,600740,3.75,3.76,3.86,3.73,26589,43611000.0,3.47,0.27,0.01,3.15
2001-04-09,600740,3.76,3.8,3.83,3.73,13192,21509000.0,2.66,1.06,0.04,1.56
2001-04-10,600740,3.81,3.77,3.85,3.74,8558,13965000.0,2.89,-0.79,-0.03,1.01
2001-04-11,600740,3.77,3.74,3.8,3.66,8180,13185000.0,3.71,-0.8,-0.03,0.97
2001-04-12,600740,3.75,3.75,3.82,3.69,12345,20030000.0,3.48,0.27,0.01,1.46
2001-04-13,600740,3.75,3.74,3.78,3.68,10023,16154000.0,2.67,-0.27,-0.01,1.19
2001-04-16,600740,3.74,3.67,3.75,3.66,16448,26294000.0,2.41,-1.87,-0.07,1.95
2001-04-17,600740,3.6,3.42,3.64,3.39,56114,85953000.0,6.81,-6.81,-0.25,6.65
2001-04-18,600740,3.39,3.39,3.51,3.38,37083,56184000.0,3.8,-0.88,-0.03,4.39
2001-04-19,600740,3.39,3.39,3.44,3.32,21514,32148000.0,3.54,0.0,0.0,2.55
2001-04-20,600740,3.42,3.39,3.52,3.39,18104,27469000.0,3.83,0.0,0.0,2.14
2001-04-23,600740,3.39,3.36,3.43,3.33,13432,20037000.0,2.95,-0.88,-0.03,1.59
2001-04-24,600740,3.36,3.42,3.45,3.36,8697,13125000.0,2.68,1.79,0.06,1.03
2001-04-25,600740,3.43,3.35,3.48,3.33,9768,14693000.0,4.39,-2.05,-0.07,1.16
2001-04-26,600740,3.35,3.24,3.38,3.23,12851,18801000.0,4.48,-3.28,-0.11,1.52
2001-04-27,600740,3.24,3.18,3.29,3.15,16086,23186000.0,4.32,-1.85,-0.06,1.91
2001-04-30,600740,3.21,3.15,3.24,3.12,10371,14736000.0,3.77,-0.94,-0.03,1.23
2001-05-08,600740,3.15,3.3,3.31,3.15,4556,6640224.0,5.08,4.76,0.15,0.54
2001-05-09,600740,3.33,3.38,3.42,3.33,13189,19788000.0,2.73,2.42,0.08,1.56
2001-05-10,600740,3.4,3.38,3.4,3.34,4577,6821000.0,1.78,0.0,0.0,0.54
2001-05-11,600740,3.38,3.36,3.38,3.32,4295,6367000.0,1.78,-0.59,-0.02,0.51
2001-05-14,600740,3.36,3.32,3.38,3.3,11809,17488000.0,2.38,-1.19,-0.04,1.4
2001-05-15,600740,3.33,3.42,3.46,3.33,11937,17975000.0,3.92,3.01,0.1,1.41
2001-05-16,600740,3.44,3.42,3.45,3.39,4906,7388000.0,1.75,0.0,0.0,0.58
2001-05-17,600740,3.44,3.34,3.44,3.33,6078,9040000.0,3.22,-2.34,-0.08,0.72
2001-05-18,600740,3.34,3.31,3.36,3.27,7886,11565000.0,2.69,-0.9,-0.03,0.93
2001-05-21,600740,3.31,3.32,3.35,3.24,6707,9829000.0,3.32,0.3,0.01,0.79
2001-05-22,600740,3.33,3.29,3.38,3.27,3274,4828000.0,3.31,-0.9,-0.03,0.39
2001-05-23,600740,3.28,3.24,3.28,3.21,6845,9916000.0,2.13,-1.52,-0.05,0.81
2001-05-24,600740,3.24,3.33,3.37,3.22,5862,8550000.0,4.63,2.78,0.09,0.69
2001-05-25,600740,3.35,3.29,3.35,3.27,4001,5898000.0,2.4,-1.2,-0.04,0.47
2001-05-28,600740,3.3,3.2,3.33,3.19,7206,10386000.0,4.26,-2.74,-0.09,0.85
2001-05-29,600740,3.2,3.23,3.24,3.18,4815,6921000.0,1.88,0.94,0.03,0.57
2001-05-30,600740,3.23,3.3,3.33,3.23,7258,10661000.0,3.1,2.17,0.07,0.86
2001-05-31,600740,3.32,3.38,3.38,3.24,11028,16284000.0,4.24,2.42,0.08,1.31
2001-06-01,600740,3.42,3.45,3.48,3.41,23590,35873000.0,2.07,2.07,0.07,2.79
2001-06-04,600740,3.46,3.41,3.47,3.39,7929,11956000.0,2.32,-1.16,-0.04,0.94
2001-06-05,600740,3.42,3.39,3.44,3.38,11576,17389000.0,1.76,-0.59,-0.02,1.37
2001-06-06,600740,3.41,3.42,3.45,3.4,9278,14031000.0,1.47,0.88,0.03,1.1
2001-06-07,600740,3.44,3.36,3.45,3.34,7536,11327000.0,3.22,-1.75,-0.06,0.89
2001-06-08,600740,3.38,3.35,3.38,3.33,5914,8771000.0,1.49,-0.3,-0.01,0.7
2001-06-11,600740,3.35,3.31,3.36,3.3,3958,5858000.0,1.79,-1.19,-0.04,0.47
2001-06-12,600740,3.3,3.39,3.44,3.28,6686,9916000.0,4.83,2.42,0.08,0.79
2001-06-13,600740,3.43,3.43,3.46,3.39,9170,13867000.0,2.06,1.18,0.04,1.09
2001-06-14,600740,3.44,3.46,3.47,3.38,18775,28346000.0,2.62,0.87,0.03,2.22
2001-06-15,600740,3.46,3.56,3.6,3.46,50013,77612000.0,4.05,2.89,0.1,5.92
2001-06-18,600740,3.57,3.42,3.59,3.41,15540,23826000.0,5.06,-3.93,-0.14,1.84
2001-06-19,600740,3.42,3.49,3.51,3.42,6389,9725000.0,2.63,2.05,0.07,0.76
2001-06-20,600740,3.49,3.44,3.5,3.42,4433,6741000.0,2.29,-1.43,-0.05,0.52
2001-06-21,600740,3.44,3.46,3.48,3.42,5178,7870000.0,1.74,0.58,0.02,0.61
2001-06-22,600740,3.46,3.49,3.52,3.45,5893,9034000.0,2.02,0.87,0.03,0.7
2001-06-25,600740,3.5,3.57,3.58,3.5,14312,22253000.0,2.29,2.29,0.08,1.69
2001-06-26,600740,3.58,3.57,3.59,3.54,9498,14827000.0,1.4,0.0,0.0,1.12
2001-06-27,600740,3.57,3.59,3.61,3.55,10237,16044000.0,1.68,0.56,0.02,1.21
2001-06-29,600740,3.59,3.48,3.59,3.46,5517,8488000.0,3.62,-3.06,-0.11,0.65
2001-07-02,600740,3.49,3.41,3.49,3.41,6127,9282000.0,2.3,-2.01,-0.07,0.73
2001-07-03,600740,3.43,3.46,3.48,3.39,4023,6088000.0,2.64,1.47,0.05,0.48
2001-07-04,600740,3.48,3.42,3.48,3.42,2771,4192000.0,1.73,-1.16,-0.04,0.33
2001-07-05,600740,3.42,3.35,3.45,3.33,5174,7750000.0,3.51,-2.05,-0.07,0.61
2001-07-06,600740,3.35,3.33,3.38,3.28,4813,7111000.0,2.99,-0.6,-0.02,0.57
2001-07-09,600740,3.32,3.35,3.36,3.3,1775,2629000.0,1.8,0.6,0.02,0.21
2001-07-10,600740,3.36,3.37,3.39,3.35,2391,3561000.0,1.19,0.6,0.02,0.28
2001-07-11,600740,3.38,3.3,3.38,3.3,2974,4399000.0,2.37,-2.08,-0.07,0.35
2001-07-12,600740,3.29,3.28,3.31,3.24,3384,4942000.0,2.12,-0.61,-0.02,0.4
2001-07-13,600740,3.29,3.26,3.35,3.26,2340,3426334.0,2.74,-0.61,-0.02,0.28
2001-07-16,600740,3.29,3.22,3.3,3.2,6117,8853000.0,3.07,-1.23,-0.04,0.72
2001-07-17,600740,3.22,3.27,3.3,3.22,3908,5682000.0,2.48,1.55,0.05,0.46
2001-07-18,600740,3.33,3.28,3.33,3.27,1655,2424000.0,1.83,0.31,0.01,0.2
2001-07-19,600740,3.3,3.29,3.32,3.25,1236,1803000.0,2.13,0.3,0.01,0.15
2001-07-20,600740,3.31,3.33,3.35,3.27,2698,3975000.0,2.43,1.22,0.04,0.32
2001-07-23,600740,3.34,3.3,3.36,3.29,2593,3812000.0,2.1,-0.9,-0.03,0.31
2001-07-24,600740,3.29,3.23,3.29,3.22,3244,4709000.0,2.12,-2.12,-0.07,0.38
2001-07-25,600740,3.23,3.16,3.23,3.15,4692,6713000.0,2.48,-2.17,-0.07,0.56
2001-07-26,600740,3.18,3.09,3.21,3.08,4777,6672000.0,4.11,-2.22,-0.07,0.57
2001-07-27,600740,3.1,3.08,3.17,3.07,2874,3997000.0,3.24,-0.32,-0.01,0.34
2001-07-30,600740,3.01,2.78,3.03,2.78,5271,7020000.0,8.12,-9.74,-0.3,0.62
2001-07-31,600740,2.71,2.67,2.86,2.67,4664,5940000.0,6.83,-3.96,-0.11,0.55
2001-08-01,600740,2.67,2.82,2.82,2.67,3672,4678000.0,5.62,5.62,0.15,0.43
2001-08-02,600740,2.82,2.78,2.82,2.65,3522,4469000.0,6.03,-1.42,-0.04,0.42
2001-08-03,600740,2.78,2.87,2.92,2.77,6991,9129000.0,5.4,3.24,0.09,0.83
2001-08-06,600740,2.83,2.75,2.86,2.7,2467,3155000.0,5.57,-4.18,-0.12,0.29
2001-08-07,600740,2.76,2.87,2.9,2.75,2592,3379000.0,5.45,4.36,0.12,0.31
2001-08-08,600740,2.89,2.87,2.91,2.84,2482,3261000.0,2.44,0.0,0.0,0.29
2001-08-09,600740,2.86,2.93,2.93,2.86,2782,3692000.0,2.44,2.09,0.06,0.33
2001-08-10,600740,2.94,2.95,2.96,2.92,4567,6107000.0,1.37,0.68,0.02,0.54
2001-08-13,600740,2.94,2.88,2.94,2.86,4729,6234000.0,2.71,-2.37,-0.07,0.56
2001-08-14,600740,2.89,2.84,2.94,2.8,2547,3343000.0,4.86,-1.39,-0.04,0.3
2001-08-15,600740,2.86,2.83,2.89,2.8,2564,3334000.0,3.17,-0.35,-0.01,0.3
2001-08-16,600740,2.83,2.82,2.86,2.81,1928,2506000.0,1.77,-0.35,-0.01,0.23
2001-08-17,600740,2.82,2.8,2.86,2.79,1689,2185000.0,2.48,-0.71,-0.02,0.2
2001-08-20,600740,2.83,2.8,2.84,2.78,1724,2230000.0,2.14,0.0,0.0,0.2
2001-08-21,600740,2.81,2.85,2.88,2.8,2182,2848000.0,2.86,1.79,0.05,0.26
2001-08-22,600740,2.85,2.77,2.85,2.73,3887,4980000.0,4.21,-2.81,-0.08,0.46
2001-08-23,600740,2.74,2.75,2.75,2.7,2157,2733000.0,1.81,-0.72,-0.02,0.26
2001-08-24,600740,2.75,2.62,2.78,2.62,4894,6125000.0,5.82,-4.73,-0.13,0.58
2001-08-27,600740,2.56,2.41,2.57,2.4,8723,10280000.0,6.49,-8.02,-0.21,1.03
2001-08-28,600740,2.39,2.46,2.47,2.35,4387,5071000.0,4.98,2.07,0.05,0.52
2001-08-29,600740,2.46,2.48,2.54,2.44,2552,3032000.0,4.07,0.81,0.02,0.3
2001-08-30,600740,2.48,2.43,2.48,2.41,1462,1714000.0,2.82,-2.02,-0.05,0.17
2001-08-31,600740,2.44,2.46,2.47,2.42,752,880000.0,2.06,1.23,0.03,0.09
2001-09-03,600740,2.45,2.38,2.47,2.38,1636,1904000.0,3.66,-3.25,-0.08,0.19
2001-09-04,600740,2.39,2.5,2.5,2.38,3619,4228000.0,5.04,5.04,0.12,0.43
2001-09-05,600740,2.5,2.51,2.55,2.5,3354,4010000.0,2.0,0.4,0.01,0.4
2001-09-06,600740,2.5,2.52,2.53,2.5,1521,1816000.0,1.2,0.4,0.01,0.18
2001-09-07,600740,2.51,2.37,2.51,2.37,4234,4913000.0,5.56,-5.95,-0.15,0.5
2001-09-10,600740,2.33,2.46,2.47,2.28,2469,2857000.0,8.02,3.8,0.09,0.29
2001-09-11,600740,2.47,2.47,2.52,2.44,1705,2012000.0,3.25,0.41,0.01,0.2
2001-09-12,600740,2.38,2.51,2.61,2.32,5689,6750000.0,11.74,1.62,0.04,0.67
2001-09-13,600740,2.5,2.44,2.52,2.44,2099,2477000.0,3.19,-2.79,-0.07,0.25
2001-09-14,600740,2.44,2.42,2.49,2.4,1803,2101000.0,3.69,-0.82,-0.02,0.21
2001-09-17,600740,2.4,2.3,2.4,2.28,3840,4345000.0,4.96,-4.96,-0.12,0.45
2001-09-18,600740,2.3,2.35,2.43,2.3,1688,1909000.0,5.65,2.17,0.05,0.2
2001-09-19,600740,2.35,2.4,2.4,2.3,1251,1419000.0,4.26,2.13,0.05,0.15
2001-09-20,600740,2.4,2.41,2.46,2.4,2041,2374000.0,2.5,0.42,0.01,0.24
2001-09-21,600740,2.41,2.37,2.43,2.36,1460,1684000.0,2.9,-1.66,-0.04,0.17
2001-09-24,600740,2.37,2.33,2.4,2.33,814,929000.0,2.95,-1.69,-0.04,0.1
2001-09-25,600740,2.34,2.35,2.38,2.33,919,1047000.0,2.15,0.86,0.02,0.11
2001-09-26,600740,2.35,2.31,2.37,2.31,1316,1489000.0,2.55,-1.7,-0.04,0.16
2001-09-27,600740,2.3,2.23,2.33,2.21,4821,5326000.0,5.19,-3.46,-0.08,0.57
2001-09-28,600740,2.23,2.22,2.27,2.18,2731,2982000.0,4.04,-0.45,-0.01,0.32
2001-10-08,600740,2.22,2.14,2.25,2.12,1219,1315000.0,5.86,-3.6,-0.08,0.14
2001-10-09,600740,2.13,2.17,2.21,2.13,1341,1443000.0,3.74,1.4,0.03,0.16
2001-10-10,600740,2.18,2.01,2.18,2.01,2408,2521000.0,7.83,-7.37,-0.16,0.29
2001-10-11,600740,2.0,1.94,2.09,1.93,2642,2664000.0,7.96,-3.48,-0.07,0.31
2001-10-12,600740,1.96,2.07,2.12,1.93,5260,5426000.0,9.79,6.7,0.13,0.62
2001-10-15,600740,2.06,2.07,2.11,2.0,1545,1608000.0,5.31,0.0,0.0,0.18
2001-10-16,600740,2.12,2.01,2.12,2.0,1132,1166000.0,5.8,-2.9,-0.06,0.13
2001-10-17,600740,2.0,1.96,2.01,1.95,1116,1129000.0,2.99,-2.49,-0.05,0.13
2001-10-18,600740,1.95,1.94,1.98,1.94,1415,1417000.0,2.04,-1.02,-0.02,0.17
2001-10-19,600740,1.94,1.84,1.94,1.79,3094,3012000.0,7.73,-5.15,-0.1,0.37
2001-10-22,600740,1.79,1.67,1.82,1.65,3118,2878000.0,9.24,-9.24,-0.17,0.37
2001-10-23,600740,1.92,1.94,1.94,1.86,7947,7899000.0,4.79,16.17,0.27,0.94
2001-10-24,600740,2.05,2.12,2.17,2.03,15027,15771000.0,7.22,9.28,0.18,1.78
2001-10-25,600740,2.09,2.0,2.09,2.0,5980,6162000.0,4.25,-5.66,-0.12,0.71
2001-10-26,600740,1.97,2.0,2.03,1.96,3000,3051000.0,3.5,0.0,0.0,0.36
2001-10-29,600740,2.01,2.03,2.04,2.0,1336,1377000.0,2.0,1.5,0.03,0.16
2001-10-30,600740,2.04,2.05,2.08,2.03,2102,2176000.0,2.46,0.99,0.02,0.25
2001-10-31,600740,2.04,2.01,2.04,1.96,1809,1838000.0,3.9,-1.95,-0.04,0.21
2001-11-01,600740,2.02,2.07,2.09,2.02,2090,2175000.0,3.48,2.99,0.06,0.25
2001-11-02,600740,2.07,2.09,2.1,2.04,3297,3444000.0,2.9,0.97,0.02,0.39
2001-11-05,600740,2.09,2.07,2.09,2.04,1625,1695000.0,2.39,-0.96,-0.02,0.19
2001-11-06,600740,2.06,2.07,2.1,2.05,1907,1997000.0,2.42,0.0,0.0,0.23
2001-11-07,600740,2.07,1.84,2.07,1.83,4511,4486000.0,11.59,-11.11,-0.23,0.53
2001-11-08,600740,1.78,1.86,1.88,1.73,3456,3299000.0,8.15,1.09,0.02,0.41
2001-11-09,600740,1.84,1.91,1.92,1.81,2034,1987000.0,5.91,2.69,0.05,0.24
2001-11-12,600740,1.93,1.91,1.95,1.91,1608,1598000.0,2.09,0.0,0.0,0.19
2001-11-13,600740,1.87,1.86,1.88,1.82,450,437000.0,3.14,-2.62,-0.05,0.05
2001-11-14,600740,1.85,1.86,1.89,1.85,896,875000.0,2.15,0.0,0.0,0.11
2001-11-15,600740,1.86,1.87,1.88,1.83,867,840000.0,2.69,0.54,0.01,0.1
2001-11-16,600740,2.1,1.94,2.15,1.94,5929,6087000.0,11.23,3.74,0.07,0.7
2001-11-19,600740,1.94,2.04,2.06,1.94,5930,6087760.0,6.19,5.15,0.1,0.7
2001-11-20,600740,2.06,2.11,2.13,2.04,2479,2528574.0,4.41,3.43,0.07,0.29
2001-11-21,600740,2.11,2.11,2.13,2.07,2846,2991000.0,2.84,0.0,0.0,0.34
2001-11-22,600740,2.12,2.17,2.17,2.09,6344,6773000.0,3.79,2.84,0.06,0.75
2001-11-23,600740,2.16,2.15,2.16,2.12,4265,4555000.0,1.84,-0.92,-0.02,0.51
2001-11-26,600740,2.12,2.1,2.13,2.08,2537,2673000.0,2.33,-2.33,-0.05,0.3
2001-11-27,600740,2.12,2.2,2.2,2.1,5333,5741000.0,4.76,4.76,0.1,0.63
2001-11-28,600740,2.21,2.22,2.23,2.2,6443,7036000.0,1.36,0.91,0.02,0.76
2001-11-29,600740,2.21,2.2,2.23,2.18,5078,5520000.0,2.25,-0.9,-0.02,0.6
2001-11-30,600740,2.2,2.24,2.25,2.2,4373,4806000.0,2.27,1.82,0.04,0.52
2001-12-03,600740,2.25,2.32,2.36,2.25,9864,11136000.0,4.91,3.57,0.08,1.17
2001-12-04,600740,2.33,2.35,2.36,2.3,5617,6354000.0,2.59,1.29,0.03,0.67
2001-12-05,600740,2.33,2.36,2.43,2.31,9828,11271629.0,5.11,0.43,0.01,1.16
2001-12-06,600740,2.33,2.44,2.44,2.33,9155,10588390.0,4.66,3.39,0.08,1.08
2001-12-07,600740,2.44,2.4,2.46,2.39,5182,6004222.0,2.87,-1.64,-0.04,0.61
2001-12-10,600740,2.41,2.4,2.41,2.36,5873,6751289.0,2.08,0.0,0.0,0.7
2001-12-11,600740,2.39,2.35,2.4,2.33,5172,5899501.0,2.92,-2.08,-0.05,0.61
2001-12-12,600740,2.34,2.34,2.37,2.33,4922,5599221.0,1.7,-0.43,-0.01,0.58
2001-12-13,600740,2.33,2.26,2.35,2.26,6555,7351657.0,3.85,-3.42,-0.08,0.78
2001-12-14,600740,2.24,2.19,2.25,2.18,4770,5210755.0,3.1,-3.1,-0.07,0.56
2001-12-17,600740,2.18,2.25,2.25,2.16,2649,2884550.0,4.11,2.74,0.06,0.31
2001-12-18,600740,2.25,2.36,2.36,2.24,4977,5601131.0,5.33,4.89,0.11,0.59
2001-12-19,600740,2.36,2.29,2.39,2.28,5561,6296817.0,4.66,-2.97,-0.07,0.66
2001-12-20,600740,2.28,2.21,2.28,2.19,3417,3741014.0,3.93,-3.49,-0.08,0.4
2001-12-21,600740,2.2,2.28,2.28,2.2,1541,1704217.0,3.62,3.17,0.07,0.18
2001-12-24,600740,2.3,2.25,2.34,2.24,3563,3985195.0,4.39,-1.32,-0.03,0.42
2001-12-25,600740,2.26,2.27,2.28,2.2,3324,3654140.0,3.56,0.89,0.02,0.39
2001-12-26,600740,2.27,2.36,2.36,2.23,5428,6127579.0,5.73,3.96,0.09,0.64
2001-12-27,600740,2.36,2.33,2.4,2.32,4299,4895019.0,3.39,-1.27,-0.03,0.51
2001-12-28,600740,2.33,2.42,2.42,2.33,8474,9720642.0,3.86,3.86,0.09,1.0
2001-12-31,600740,2.43,2.4,2.44,2.39,4718,5473583.0,2.07,-0.83,-0.02,0.56
2002-01-04,600740,2.38,2.3,2.38,2.28,4040,4543054.0,4.17,-4.17,-0.1,0.48
2002-01-07,600740,2.27,2.25,2.27,2.2,3014,3306883.0,3.04,-2.17,-0.05,0.36
2002-01-08,600740,2.23,2.21,2.28,2.21,2456,2696928.0,3.11,-1.78,-0.04,0.29
2002-01-09,600740,2.18,2.13,2.2,2.11,3073,3298656.0,4.07,-3.62,-0.08,0.36
2002-01-10,600740,2.12,2.15,2.18,1.99,5832,6033153.0,8.92,0.94,0.02,0.69
2002-01-11,600740,2.15,2.03,2.15,2.03,3473,3619284.0,5.58,-5.58,-0.12,0.41
2002-01-14,600740,1.94,1.95,2.01,1.94,3770,3817294.0,3.45,-3.94,-0.08,0.45
2002-01-15,600740,1.96,1.94,2.02,1.94,3380,3409090.0,4.1,-0.51,-0.01,0.4
2002-01-16,600740,2.0,1.87,2.07,1.86,19115,19287781.0,10.82,-3.61,-0.07,2.26
2002-01-17,600740,1.85,1.71,1.85,1.7,9611,9014185.0,8.02,-8.56,-0.16,1.14
2002-01-18,600740,1.66,1.79,1.85,1.65,10733,10136606.0,11.7,4.68,0.08,1.27
2002-01-21,600740,1.75,1.71,1.78,1.66,4082,3771757.0,6.7,-4.47,-0.08,0.48
2002-01-22,600740,1.7,1.76,1.84,1.7,3491,3272692.0,8.19,2.92,0.05,0.41
2002-01-23,600740,1.76,1.97,1.97,1.74,5647,5473780.0,13.07,11.93,0.21,0.67
2002-01-24,600740,1.94,1.95,2.03,1.85,8430,8498500.0,9.14,-1.02,-0.02,1.0
2002-01-25,600740,1.94,1.93,1.97,1.88,6055,6008016.0,4.62,-1.03,-0.02,0.72
2002-01-28,600740,1.97,1.72,1.97,1.71,6189,5927503.0,13.47,-10.88,-0.21,0.73
2002-01-29,600740,1.7,1.81,1.83,1.69,5001,4726417.0,8.14,5.23,0.09,0.59
2002-01-30,600740,1.81,1.81,1.85,1.76,2566,2461436.0,4.97,0.0,0.0,0.3
2002-01-31,600740,1.88,2.01,2.04,1.88,13671,13858270.0,8.84,11.05,0.2,1.62
2002-02-01,600740,2.01,2.0,2.04,1.98,8336,8530989.0,2.99,-0.5,-0.01,0.99
2002-02-04,600740,1.97,2.05,2.07,1.97,4707,4833975.0,5.0,2.5,0.05,0.56
2002-02-05,600740,2.05,2.06,2.08,2.0,3511,3623600.0,3.9,0.49,0.01,0.42
2002-02-06,600740,2.03,1.95,2.06,1.94,4513,4567708.0,5.83,-5.34,-0.11,0.53
2002-02-07,600740,1.96,1.99,2.02,1.94,3768,3831417.0,4.1,2.05,0.04,0.45
2002-02-08,600740,2.02,1.98,2.04,1.97,3197,3271682.0,3.52,-0.5,-0.01,0.38
2002-02-25,600740,2.06,2.16,2.24,2.04,18545,20111068.0,10.1,9.09,0.18,2.2
2002-02-26,600740,2.15,2.17,2.18,2.1,4636,4927306.0,3.7,0.46,0.01,0.55
2002-02-27,600740,2.17,2.18,2.21,2.14,4030,4362878.0,3.23,0.46,0.01,0.48
2002-02-28,600740,2.19,2.13,2.19,2.12,3159,3381332.0,3.21,-2.29,-0.05,0.37
2002-03-01,600740,2.1,2.11,2.13,2.09,2748,2901453.0,1.88,-0.94,-0.02,0.33
2002-03-04,600740,2.09,2.17,2.17,2.09,3255,3453379.0,3.79,2.84,0.06,0.39
2002-03-05,600740,2.18,2.22,2.24,2.17,6659,7268728.0,3.23,2.3,0.05,0.79
2002-03-06,600740,2.22,2.22,2.28,2.21,7860,8665178.0,3.15,0.0,0.0,0.93
2002-03-07,600740,2.21,2.28,2.28,2.19,8195,9029613.0,4.05,2.7,0.06,0.97
2002-03-08,600740,2.28,2.32,2.33,2.25,11484,12852815.0,3.51,1.75,0.04,1.36
2002-03-11,600740,2.32,2.34,2.37,2.3,8807,9970712.0,3.02,0.86,0.02,1.04
2002-03-12,600740,2.31,2.25,2.34,2.24,11778,13105697.0,4.27,-3.85,-0.09,1.39
2002-03-13,600740,2.24,2.19,2.25,2.18,7781,8499906.0,3.11,-2.67,-0.06,0.92
2002-03-14,600740,2.18,2.28,2.28,2.18,4431,4849960.0,4.57,4.11,0.09,0.52
2002-03-15,600740,2.3,2.17,2.3,2.16,5247,5773507.0,6.14,-4.82,-0.11,0.62
2002-03-18,600740,2.24,2.18,2.24,2.15,3971,4304705.0,4.15,0.46,0.01,0.47
2002-03-19,600740,2.19,2.28,2.28,2.18,4149,4592794.0,4.59,4.59,0.1,0.49
2002-03-20,600740,2.3,2.32,2.37,2.28,10048,11393337.0,3.95,1.75,0.04,1.19
2002-03-21,600740,2.33,2.3,2.34,2.27,6143,6873862.0,3.02,-0.86,-0.02,0.73
2002-03-22,600740,2.3,2.28,2.34,2.26,3505,3921867.0,3.48,-0.87,-0.02,0.42
2002-03-25,600740,2.27,2.29,2.31,2.24,2312,2571259.0,3.07,0.44,0.01,0.27
2002-03-26,600740,2.29,2.22,2.29,2.18,4214,4610338.0,4.8,-3.06,-0.07,0.5
2002-03-27,600740,2.19,2.22,2.22,2.19,2725,2965537.0,1.35,0.0,0.0,0.32
2002-03-28,600740,2.26,2.25,2.32,2.22,3189,3550853.0,4.5,1.35,0.03,0.38
2002-03-29,600740,2.22,2.12,2.24,2.09,4044,4354042.0,6.67,-5.78,-0.13,0.48
2002-04-01,600740,2.1,2.15,2.16,2.09,2230,2372802.0,3.3,1.42,0.03,0.26
2002-04-02,600740,2.15,2.04,2.15,2.03,3056,3197340.0,5.58,-5.12,-0.11,0.36
2002-04-03,600740,2.04,2.06,2.08,2.02,3286,3403268.0,2.94,0.98,0.02,0.39
2002-04-04,600740,2.06,2.13,2.14,1.98,5435,5626284.0,7.77,3.4,0.07,0.64
2002-04-05,600740,2.13,2.12,2.16,2.09,3782,4013705.0,3.29,-0.47,-0.01,0.45
2002-04-08,600740,2.12,2.15,2.18,2.12,3387,3614524.0,2.83,1.42,0.03,0.4
2002-04-09,600740,2.15,2.22,2.33,2.07,23124,24753396.0,12.09,3.26,0.07,2.74
2002-04-10,600740,2.2,2.29,2.33,2.12,27773,30633582.0,9.46,3.15,0.07,3.29
2002-04-11,600740,2.32,2.26,2.4,2.24,31832,36054201.0,6.99,-1.31,-0.03,3.77
2002-04-12,600740,2.25,2.26,2.3,2.25,7907,8782709.0,2.21,0.0,0.0,0.94
2002-04-15,600740,2.27,2.21,2.3,2.17,7720,8422121.0,5.75,-2.21,-0.05,0.91
2002-04-16,600740,2.22,2.16,2.22,2.15,5005,5403462.0,3.17,-2.26,-0.05,0.59
2002-04-17,600740,2.13,2.16,2.19,2.13,3352,3590863.0,2.78,0.0,0.0,0.4
2002-04-18,600740,2.18,2.13,2.18,2.12,4841,5157962.0,2.78,-1.39,-0.03,0.57
2002-04-19,600740,2.11,2.17,2.18,2.11,5098,5426490.0,3.29,1.88,0.04,0.6
2002-04-22,600740,2.17,2.13,2.2,2.12,2935,3147588.0,3.69,-1.84,-0.04,0.35
2002-04-23,600740,2.15,2.15,2.19,2.14,2422,2598333.0,2.35,0.94,0.02,0.29
2002-04-24,600740,2.15,2.14,2.17,2.12,1877,2001787.0,2.33,-0.47,-0.01,0.22
2002-04-25,600740,2.15,2.11,2.15,2.1,3272,3460275.0,2.34,-1.4,-0.03,0.39
2002-04-26,600740,2.15,2.16,2.18,2.11,3399,3645697.0,3.32,2.37,0.05,0.4
2002-04-29,600740,2.18,2.2,2.22,2.14,5102,5509950.0,3.7,1.85,0.04,0.6
2002-04-30,600740,2.23,2.15,2.23,2.14,5189,5576966.0,4.09,-2.27,-0.05,0.61
2002-05-08,600740,2.18,2.1,2.18,2.1,3709,3931353.0,3.72,-2.33,-0.05,0.44
2002-05-09,600740,2.09,2.13,2.14,2.09,5438,5746745.0,2.38,1.43,0.03,0.64
2002-05-13,600740,2.05,1.96,2.05,1.92,12798,12999068.0,6.1,-7.98,-0.17,1.52
2002-05-14,600740,1.94,1.85,1.94,1.82,14161,13776273.0,6.12,-5.61,-0.11,1.68
2002-05-15,600740,1.83,1.86,1.88,1.82,6518,6349372.0,3.24,0.54,0.01,0.77
2002-05-16,600740,1.85,1.75,1.85,1.74,6313,5977319.0,5.91,-5.91,-0.11,0.75
2002-05-17,600740,1.75,1.78,1.82,1.75,4039,3813104.0,4.0,1.71,0.03,0.48
2002-05-20,600740,1.76,1.69,1.76,1.67,3895,3578377.0,5.06,-5.06,-0.09,0.46
2002-05-21,600740,1.73,1.8,1.81,1.73,8815,8329889.0,4.73,6.51,0.11,1.04
2002-05-22,600740,1.81,1.7,1.81,1.7,5419,5044316.0,6.11,-5.56,-0.1,0.64
2002-05-23,600740,1.73,1.73,1.79,1.72,4073,3797827.0,4.12,1.76,0.03,0.48
2002-05-24,600740,1.73,1.7,1.77,1.68,4353,4000369.0,5.2,-1.73,-0.03,0.52
2002-05-27,600740,1.72,1.75,1.75,1.68,2055,1895157.0,4.12,2.94,0.05,0.24
2002-05-28,600740,1.73,1.73,1.76,1.72,2794,2603648.0,2.29,-1.14,-0.02,0.33
2002-05-29,600740,1.73,1.62,1.75,1.62,5021,4508518.0,7.51,-6.36,-0.11,0.59
2002-05-30,600740,1.62,1.67,1.68,1.62,5659,5113507.0,3.7,3.09,0.05,0.67
2002-05-31,600740,1.69,1.65,1.69,1.62,1875,1687942.0,4.19,-1.2,-0.02,0.22
2002-06-03,600740,1.59,1.52,1.6,1.51,4218,3661606.0,5.45,-7.88,-0.13,0.5
2002-06-04,600740,1.51,1.56,1.57,1.5,3676,3177308.0,4.61,2.63,0.04,0.44
2002-06-05,600740,1.53,1.5,1.53,1.48,1680,1426850.0,3.21,-3.85,-0.06,0.2
2002-06-06,600740,1.48,1.65,1.68,1.45,8468,7500007.0,15.33,10.0,0.15,1.0
2002-06-07,600740,1.67,1.7,1.74,1.63,9533,8737354.0,6.67,3.03,0.05,1.13
2002-06-10,600740,1.72,1.65,1.72,1.65,2302,2092651.0,4.12,-2.94,-0.05,0.27
2002-06-11,600740,1.65,1.65,1.69,1.64,3749,3395499.0,3.03,0.0,0.0,0.44
2002-06-12,600740,1.66,1.65,1.67,1.63,1534,1381289.0,2.42,0.0,0.0,0.18
2002-06-13,600740,1.65,1.62,1.68,1.62,1279,1154434.0,3.64,-1.82,-0.03,0.15
2002-06-14,600740,1.6,1.55,1.6,1.54,2614,2283741.0,3.7,-4.32,-0.07,0.31
2002-06-17,600740,1.53,1.55,1.56,1.51,2137,1846446.0,3.23,0.0,0.0,0.25
2002-06-18,600740,1.58,1.66,1.67,1.58,3809,3423379.0,5.81,7.1,0.11,0.45
2002-06-19,600740,1.67,1.66,1.68,1.62,3362,3048380.0,3.61,0.0,0.0,0.4
2002-06-20,600740,1.66,1.67,1.69,1.65,1928,1754156.0,2.41,0.6,0.01,0.23
2002-06-21,600740,1.67,1.77,1.79,1.67,6826,6384837.0,7.19,5.99,0.1,0.81
2002-06-24,600740,2.04,2.04,2.04,1.91,30618,31400924.0,7.34,15.25,0.27,3.63
2002-06-25,600740,2.11,1.99,2.11,1.94,19188,19718109.0,8.33,-2.45,-0.05,2.27
2002-06-26,600740,1.97,2.01,2.03,1.94,8581,8612858.0,4.52,1.01,0.02,1.02
2002-06-27,600740,2.04,2.0,2.04,1.98,5346,5432000.0,2.99,-0.5,-0.01,0.63
2002-06-28,600740,2.0,1.92,2.0,1.89,10944,10797682.0,5.5,-4.0,-0.08,1.3
2002-07-01,600740,1.93,1.92,1.97,1.92,3936,3905381.0,2.6,0.0,0.0,0.47
2002-07-02,600740,1.94,1.95,1.96,1.91,1831,1810305.0,2.6,1.56,0.03,0.22
2002-07-03,600740,1.97,1.96,1.98,1.95,2567,2559216.0,1.54,0.51,0.01,0.3
2002-07-04,600740,1.96,1.9,1.97,1.88,3494,3434695.0,4.59,-3.06,-0.06,0.41
2002-07-05,600740,1.9,1.91,1.91,1.88,2597,2534156.0,1.58,0.53,0.01,0.31
2002-07-08,600740,1.91,1.95,1.96,1.91,2739,2705328.0,2.62,2.09,0.04,0.32
2002-07-09,600740,1.93,1.96,1.98,1.93,3045,3031654.0,2.56,0.51,0.01,0.36
2002-07-10,600740,1.96,1.92,1.96,1.9,3225,3169059.0,3.06,-2.04,-0.04,0.38
2002-07-11,600740,1.91,1.93,1.94,1.91,2178,2143144.0,1.56,0.52,0.01,0.26
2002-07-12,600740,1.92,2.01,2.01,1.92,7570,7591292.0,4.66,4.15,0.08,0.9
2002-07-15,600740,2.01,1.97,2.01,1.96,3530,3540666.0,2.49,-1.99,-0.04,0.42
2002-07-16,600740,1.96,1.96,1.99,1.95,2172,2169537.0,2.03,-0.51,-0.01,0.26
2002-07-17,600740,1.97,1.96,1.97,1.93,1622,1606134.0,2.04,0.0,0.0,0.19
2002-07-18,600740,1.96,1.94,1.97,1.94,1669,1656867.0,1.53,-1.02,-0.02,0.2
2002-07-23,600740,1.88,1.88,1.91,1.87,3478,3377480.0,2.06,-3.09,-0.06,0.41
2002-07-24,600740,1.88,1.87,1.92,1.87,1561,1515995.0,2.66,-0.53,-0.01,0.18
2002-07-25,600740,1.9,1.84,1.9,1.84,1332,1278993.0,3.21,-1.6,-0.03,0.16
2002-07-26,600740,1.85,1.85,1.87,1.85,932,894746.0,1.09,0.54,0.01,0.11
2002-07-29,600740,1.86,1.85,1.86,1.82,861,823035.0,2.16,0.0,0.0,0.1
2002-07-30,600740,1.88,1.86,1.88,1.81,1738,1654780.0,3.78,0.54,0.01,0.21
2002-07-31,600740,1.86,1.84,1.86,1.8,2150,2044953.0,3.23,-1.08,-0.02,0.25
2002-08-01,600740,1.85,1.86,1.86,1.79,2159,2060376.0,3.8,1.09,0.02,0.26
2002-08-02,600740,1.85,1.86,1.87,1.85,1210,1164503.0,1.08,0.0,0.0,0.14
2002-08-05,600740,1.85,1.83,1.86,1.83,689,658000.0,1.61,-1.61,-0.03,0.08
2002-08-06,600740,1.83,1.85,1.87,1.83,1071,1027429.0,2.19,1.09,0.02,0.13
2002-08-07,600740,1.85,1.85,1.86,1.84,502,480954.0,1.08,0.0,0.0,0.06
2002-08-08,600740,1.85,1.84,1.87,1.84,465,445087.0,1.62,-0.54,-0.01,0.06
2002-08-09,600740,1.83,1.83,1.86,1.82,2097,1999295.0,2.17,-0.54,-0.01,0.25
2002-08-12,600740,1.83,1.83,1.84,1.8,1053,998674.0,2.19,0.0,0.0,0.12
2002-08-13,600740,1.83,1.83,1.84,1.82,583,555080.0,1.09,0.0,0.0,0.07
2002-08-14,600740,1.83,1.86,1.86,1.83,823,790629.0,1.64,1.64,0.03,0.1
2002-08-15,600740,1.86,1.85,1.87,1.83,1539,1475410.0,2.15,-0.54,-0.01,0.18
2002-08-16,600740,1.87,1.91,1.96,1.86,10831,10622169.0,5.41,3.24,0.06,1.28
2002-08-19,600740,1.92,1.93,1.94,1.9,2539,2495551.0,2.09,1.05,0.02,0.3
2002-08-20,600740,1.93,1.97,1.98,1.92,6503,6490778.0,3.11,2.07,0.04,0.77
2002-08-21,600740,1.98,1.96,1.98,1.93,4688,4655967.0,2.54,-0.51,-0.01,0.56
2002-08-22,600740,1.96,1.97,1.99,1.95,6579,6575998.0,2.04,0.51,0.01,0.78
2002-08-23,600740,1.96,1.99,2.0,1.96,4843,4861855.0,2.03,1.02,0.02,0.57
2002-08-26,600740,1.99,1.98,1.99,1.94,2464,2465810.0,2.51,-0.5,-0.01,0.29
2002-08-27,600740,1.99,1.97,2.02,1.97,11668,11783623.0,2.53,-0.51,-0.01,1.38
2002-08-28,600740,1.97,1.94,1.98,1.94,3545,3535000.0,2.03,-1.52,-0.03,0.42
2002-08-29,600740,1.96,1.93,1.96,1.93,2063,2040325.0,1.55,-0.52,-0.01,0.24
2002-08-30,600740,1.93,1.94,1.94,1.91,1076,1059594.0,1.55,0.52,0.01,0.13
2002-09-02,600740,1.91,1.94,1.95,1.91,599,592020.0,2.06,0.0,0.0,0.07
2002-09-03,600740,1.94,1.96,1.97,1.94,1197,1192714.0,1.55,1.03,0.02,0.14
2002-09-04,600740,1.94,1.93,1.96,1.93,748,741243.0,1.53,-1.53,-0.03,0.09
2002-09-05,600740,1.92,1.89,1.96,1.88,1838,1793511.0,4.15,-2.07,-0.04,0.22
2002-09-06,600740,1.88,1.86,1.92,1.86,1349,1306066.0,3.17,-1.59,-0.03,0.16
2002-09-09,600740,1.85,1.82,1.85,1.81,1705,1621099.0,2.15,-2.15,-0.04,0.2
2002-09-10,600740,1.84,1.85,1.85,1.82,1451,1383322.0,1.65,1.65,0.03,0.17
2002-09-11,600740,1.84,1.83,1.85,1.8,1885,1786832.0,2.7,-1.08,-0.02,0.22
2002-09-12,600740,1.83,1.84,1.86,1.82,780,746411.0,2.19,0.55,0.01,0.09
2002-09-13,600740,1.84,1.86,1.86,1.84,669,641679.0,1.09,1.09,0.02,0.08
2002-09-16,600740,1.86,1.81,1.86,1.8,571,540824.0,3.23,-2.69,-0.05,0.07
2002-09-17,600740,1.81,1.82,1.85,1.8,518,491303.0,2.76,0.55,0.01,0.06
2002-09-18,600740,1.82,1.8,1.83,1.8,505,477502.0,1.65,-1.1,-0.02,0.06
2002-09-19,600740,1.8,1.83,1.84,1.76,1298,1220277.0,4.44,1.67,0.03,0.15
2002-09-20,600740,1.83,1.79,1.83,1.78,941,884960.0,2.73,-2.19,-0.04,0.11
2002-09-23,600740,1.78,1.78,1.78,1.63,1730,1594690.0,8.38,-0.56,-0.01,0.2
2002-09-24,600740,1.78,1.73,1.78,1.72,842,773725.0,3.37,-2.81,-0.05,0.1
2002-09-25,600740,1.71,1.71,1.73,1.71,1538,1406402.0,1.16,-1.16,-0.02,0.18
2002-09-26,600740,1.71,1.67,1.71,1.65,2612,2360594.0,3.51,-2.34,-0.04,0.31
2002-09-27,600740,1.69,1.69,1.69,1.64,1744,1566523.0,2.99,1.2,0.02,0.21
2002-10-08,600740,1.69,1.62,1.69,1.54,1285,1132257.0,8.88,-4.14,-0.07,0.15
2002-10-09,600740,1.65,1.61,1.65,1.59,815,717295.0,3.7,-0.62,-0.01,0.1
2002-10-10,600740,1.61,1.62,1.64,1.61,751,663764.0,1.86,0.62,0.01,0.09
2002-10-11,600740,1.65,1.62,1.65,1.62,518,458037.0,1.85,0.0,0.0,0.06
2002-10-14,600740,1.59,1.61,1.63,1.55,1256,1087628.0,4.94,-0.62,-0.01,0.15
2002-10-15,600740,1.59,1.58,1.61,1.58,700,610068.0,1.86,-1.86,-0.03,0.08
2002-10-16,600740,1.59,1.61,1.63,1.57,706,620755.0,3.8,1.9,0.03,0.08
2002-10-17,600740,1.59,1.56,1.6,1.56,941,816273.0,2.48,-3.11,-0.05,0.11
2002-10-18,600740,1.56,1.58,1.58,1.53,1077,924998.0,3.21,1.28,0.02,0.13
2002-10-21,600740,1.58,1.57,1.58,1.54,449,386256.0,2.53,-0.63,-0.01,0.05
2002-10-22,600740,1.57,1.63,1.64,1.57,1763,1547842.0,4.46,3.82,0.06,0.21
2002-10-23,600740,1.62,1.61,1.63,1.58,608,532108.0,3.07,-1.23,-0.02,0.07
2002-10-24,600740,1.64,1.61,1.64,1.6,560,491731.0,2.48,0.0,0.0,0.07
2002-10-25,600740,1.62,1.57,1.62,1.56,694,603353.0,3.73,-2.48,-0.04,0.08
2002-10-28,600740,1.57,1.55,1.59,1.55,790,681910.0,2.55,-1.27,-0.02,0.09
2002-10-29,600740,1.54,1.51,1.54,1.47,2252,1893401.0,4.52,-2.58,-0.04,0.27
2002-10-30,600740,1.52,1.51,1.52,1.5,655,552322.0,1.32,0.0,0.0,0.08
2002-10-31,600740,1.53,1.49,1.54,1.48,859,726188.0,3.97,-1.32,-0.02,0.1
2002-11-01,600740,1.49,1.51,1.51,1.48,760,636091.0,2.01,1.34,0.02,0.09
2002-11-04,600740,1.53,1.56,1.57,1.51,1102,941657.0,3.97,3.31,0.05,0.13
2002-11-05,600740,1.56,1.59,1.62,1.56,2134,1865767.0,3.85,1.92,0.03,0.25
2002-11-06,600740,1.6,1.59,1.6,1.59,1082,944156.0,0.63,0.0,0.0,0.13
2002-11-07,600740,1.59,1.65,1.67,1.59,5336,4758574.0,5.03,3.77,0.06,0.63
2002-11-08,600740,1.7,1.57,1.7,1.57,1995,1753760.0,7.88,-4.85,-0.08,0.24
2002-11-11,600740,1.53,1.53,1.6,1.51,1075,921332.0,5.73,-2.55,-0.04,0.13
2002-11-12,600740,1.54,1.48,1.55,1.46,1701,1423162.0,5.88,-3.27,-0.05,0.2
2002-11-13,600740,1.48,1.49,1.5,1.43,1613,1330483.0,4.73,0.68,0.01,0.19
2002-11-14,600740,1.49,1.44,1.49,1.38,1748,1437960.0,7.38,-3.36,-0.05,0.21
2002-11-15,600740,1.44,1.43,1.47,1.39,1402,1145750.0,5.56,-0.69,-0.01,0.17
2002-11-18,600740,1.43,1.42,1.43,1.41,1326,1076061.0,1.4,-0.7,-0.01,0.16
2002-11-19,600740,1.42,1.43,1.44,1.41,808,658911.0,2.11,0.7,0.01,0.1
2002-11-20,600740,1.42,1.36,1.42,1.35,2511,2000836.0,4.9,-4.9,-0.07,0.3
2002-11-21,600740,1.34,1.3,1.36,1.28,2249,1746253.0,5.88,-4.41,-0.06,0.27
2002-11-22,600740,1.34,1.29,1.34,1.26,1299,1004663.0,6.15,-0.77,-0.01,0.15
2002-11-25,600740,1.29,1.3,1.3,1.27,778,598640.0,2.33,0.78,0.01,0.09
2002-11-26,600740,1.29,1.22,1.33,1.22,1010,767601.0,8.46,-6.15,-0.08,0.12
2002-11-27,600740,1.18,1.21,1.22,1.17,1786,1318014.0,4.1,-0.82,-0.01,0.21
2002-11-28,600740,1.22,1.27,1.28,1.14,2284,1699299.0,11.57,4.96,0.06,0.27
2002-11-29,600740,1.27,1.3,1.36,1.25,5265,4058446.0,8.66,2.36,0.03,0.62
2002-12-02,600740,1.3,1.23,1.3,1.23,1474,1116819.0,5.38,-5.38,-0.07,0.17
2002-12-03,600740,1.21,1.25,1.25,1.21,1022,768004.0,3.25,1.63,0.02,0.12
2002-12-04,600740,1.25,1.28,1.29,1.23,2023,1542866.0,4.8,2.4,0.03,0.24
2002-12-05,600740,1.26,1.24,1.26,1.22,833,626758.0,3.13,-3.13,-0.04,0.1
2002-12-06,600740,1.26,1.25,1.26,1.22,661,499436.0,3.23,0.81,0.01,0.08
2002-12-09,600740,1.23,1.24,1.27,1.22,516,389343.0,4.0,-0.8,-0.01,0.06
2002-12-10,600740,1.26,1.23,1.27,1.22,1159,869164.0,4.03,-0.81,-0.01,0.14
2002-12-11,600740,1.22,1.2,1.24,1.19,1000,742490.0,4.07,-2.44,-0.03,0.12
2002-12-12,600740,1.23,1.22,1.26,1.21,522,392208.0,4.17,1.67,0.02,0.06
2002-12-13,600740,1.22,1.25,1.26,1.19,836,623842.0,5.74,2.46,0.03,0.1
2002-12-16,600740,1.26,1.3,1.3,1.22,2936,2251685.0,6.4,4.0,0.05,0.35
2002-12-17,600740,1.3,1.33,1.33,1.28,3018,2341226.0,3.85,2.31,0.03,0.36
2002-12-18,600740,1.34,1.41,1.53,1.34,18031,14712911.0,14.29,6.02,0.08,2.14
2002-12-19,600740,1.41,1.38,1.41,1.35,3234,2578006.0,4.26,-2.13,-0.03,0.38
2002-12-20,600740,1.39,1.39,1.41,1.32,3318,2647676.0,6.52,0.72,0.01,0.39
2002-12-23,600740,1.41,1.39,1.41,1.38,3330,2674265.0,2.16,0.0,0.0,0.39
2002-12-24,600740,1.38,1.36,1.39,1.35,1598,1268385.0,2.88,-2.16,-0.03,0.19
2002-12-25,600740,1.37,1.35,1.4,1.35,1206,960084.0,3.68,-0.74,-0.01,0.14
2002-12-26,600740,1.33,1.25,1.33,1.23,2973,2299222.0,7.41,-7.41,-0.1,0.35
2002-12-27,600740,1.23,1.25,1.28,1.22,2996,2250710.0,4.8,0.0,0.0,0.35
2002-12-30,600740,1.22,1.23,1.23,1.21,1435,1071991.0,1.6,-1.6,-0.02,0.17
2002-12-31,600740,1.22,1.24,1.26,1.22,2434,1836118.0,3.25,0.81,0.01,0.29
2003-01-02,600740,1.25,1.2,1.25,1.19,1561,1156033.0,4.84,-3.23,-0.04,0.18
2003-01-03,600740,1.19,1.19,1.21,1.17,767,565109.0,3.33,-0.83,-0.01,0.09
2003-01-06,600740,1.19,1.24,1.24,1.19,1094,816264.0,4.2,4.2,0.05,0.13
2003-01-07,600740,1.24,1.23,1.26,1.22,1070,805014.0,3.23,-0.81,-0.01,0.13
2003-01-08,600740,1.23,1.29,1.29,1.23,1614,1226575.0,4.88,4.88,0.06,0.19
2003-01-09,600740,1.3,1.33,1.33,1.28,3148,2442522.0,3.88,3.1,0.04,0.37
2003-01-10,600740,1.33,1.38,1.4,1.29,7412,5887725.0,8.27,3.76,0.05,0.88
2003-01-13,600740,1.36,1.39,1.44,1.34,4737,3800799.0,7.25,0.72,0.01,0.56
2003-01-14,600740,1.39,1.59,1.61,1.38,12282,10270581.0,16.55,14.39,0.2,1.45
2003-01-15,600740,1.53,1.5,1.57,1.5,9305,7917321.0,4.4,-5.66,-0.09,1.1
2003-01-16,600740,1.5,1.52,1.53,1.48,4506,3792870.0,3.33,1.33,0.02,0.53
2003-01-17,600740,1.53,1.49,1.54,1.48,3707,3131268.0,3.95,-1.97,-0.03,0.44
2003-01-20,600740,1.47,1.48,1.48,1.42,2614,2155675.0,4.03,-0.67,-0.01,0.31
2003-01-21,600740,1.5,1.49,1.5,1.43,3508,2895459.0,4.73,0.68,0.01,0.42
2003-01-22,600740,1.44,1.49,1.49,1.41,2178,1800783.0,5.37,0.0,0.0,0.26
2003-01-23,600740,1.53,1.46,1.53,1.45,3204,2697954.0,5.37,-2.01,-0.03,0.38
2003-01-24,600740,1.43,1.46,1.48,1.43,1963,1620323.0,3.42,0.0,0.0,0.23
2003-01-27,600740,1.45,1.49,1.5,1.45,1874,1567708.0,3.42,2.05,0.03,0.22
2003-01-28,600740,1.5,1.49,1.5,1.47,1156,966359.0,2.01,0.0,0.0,0.14
2003-01-29,600740,1.49,1.5,1.52,1.49,1809,1521266.0,2.01,0.67,0.01,0.21
2003-02-10,600740,1.48,1.47,1.5,1.45,1596,1323817.0,3.33,-2.0,-0.03,0.19
2003-02-11,600740,1.47,1.52,1.54,1.47,2759,2329123.0,4.76,3.4,0.05,0.33
2003-02-13,600740,1.56,1.52,1.59,1.52,4537,3877960.0,4.61,0.0,0.0,0.54
2003-02-14,600740,1.52,1.53,1.58,1.52,1989,1696948.0,3.95,0.66,0.01,0.24
2003-02-17,600740,1.53,1.48,1.54,1.47,2689,2254107.0,4.58,-3.27,-0.05,0.32
2003-02-18,600740,1.48,1.49,1.49,1.46,2102,1751659.0,2.03,0.68,0.01,0.25
2003-02-19,600740,1.49,1.49,1.49,1.46,1645,1371395.0,2.01,0.0,0.0,0.19
2003-02-20,600740,1.52,1.5,1.53,1.48,1520,1278251.0,3.36,0.67,0.01,0.18
2003-02-21,600740,1.49,1.46,1.49,1.41,3220,2659584.0,5.33,-2.67,-0.04,0.38
2003-02-24,600740,1.44,1.48,1.49,1.44,1995,1657737.0,3.42,1.37,0.02,0.24
2003-02-25,600740,1.49,1.53,1.53,1.48,2922,2471865.0,3.38,3.38,0.05,0.35
2003-02-26,600740,1.54,1.52,1.54,1.51,1661,1407726.0,1.96,-0.65,-0.01,0.2
2003-02-27,600740,1.52,1.54,1.54,1.5,2774,2355852.0,2.63,1.32,0.02,0.33
2003-02-28,600740,1.53,1.54,1.54,1.51,1415,1201365.0,1.95,0.0,0.0,0.17
2003-03-03,600740,1.53,1.55,1.55,1.51,6541,5578733.0,2.6,0.65,0.01,0.77
2003-03-04,600740,1.56,1.54,1.56,1.52,10314,8808516.0,2.58,-0.65,-0.01,1.22
2003-03-05,600740,1.53,1.53,1.56,1.52,4345,3699623.0,2.6,-0.65,-0.01,0.51
2003-03-06,600740,1.53,1.46,1.54,1.44,1792,1505139.0,6.54,-4.58,-0.07,0.21
2003-03-07,600740,1.46,1.46,1.5,1.46,3643,3024272.0,2.74,0.0,0.0,0.43
2003-03-10,600740,1.46,1.47,1.47,1.42,2950,2436748.0,3.42,0.68,0.01,0.35
2003-03-11,600740,1.46,1.47,1.47,1.43,3038,2509069.0,2.72,0.0,0.0,0.36
2003-03-12,600740,1.47,1.46,1.47,1.44,1267,1043778.0,2.04,-0.68,-0.01,0.15
2003-03-13,600740,1.46,1.48,1.49,1.45,2624,2186706.0,2.74,1.37,0.02,0.31
2003-03-14,600740,1.47,1.49,1.5,1.47,3667,3061565.0,2.03,0.68,0.01,0.43
2003-03-17,600740,1.47,1.45,1.48,1.38,1085,890013.0,6.71,-2.68,-0.04,0.13
2003-03-18,600740,1.45,1.46,1.46,1.45,1163,960000.0,0.69,0.69,0.01,0.14
2003-03-19,600740,1.41,1.44,1.46,1.39,1054,860417.0,4.79,-1.37,-0.02,0.12
2003-03-20,600740,1.44,1.44,1.44,1.42,1460,1194585.0,1.39,0.0,0.0,0.17
2003-03-21,600740,1.44,1.44,1.44,1.43,934,766143.0,0.69,0.0,0.0,0.11
2003-03-24,600740,1.44,1.44,1.44,1.39,1096,897376.0,3.47,0.0,0.0,0.13
2003-03-25,600740,1.39,1.41,1.44,1.39,815,663931.0,3.47,-2.08,-0.03,0.1
2003-03-26,600740,1.41,1.44,1.46,1.41,2404,1975557.0,3.55,2.13,0.03,0.28
2003-03-27,600740,1.44,1.48,1.51,1.44,1655,1373642.0,4.86,2.78,0.04,0.2
2003-03-28,600740,1.49,1.51,1.52,1.48,3899,3288301.0,2.7,2.03,0.03,0.46
2003-03-31,600740,1.53,1.52,1.53,1.49,3920,3318117.0,2.65,0.66,0.01,0.46
2003-04-01,600740,1.53,1.56,1.58,1.52,12557,10757823.0,3.95,2.63,0.04,1.49
2003-04-02,600740,1.55,1.59,1.61,1.55,6763,5892720.0,3.85,1.92,0.03,0.8
2003-04-03,600740,1.59,1.62,1.62,1.58,11467,10077927.0,2.52,1.89,0.03,1.36
2003-04-04,600740,1.63,1.62,1.63,1.61,6851,6039009.0,1.23,0.0,0.0,0.81
2003-04-07,600740,1.62,1.62,1.62,1.57,6216,5428690.0,3.09,0.0,0.0,0.74
2003-04-08,600740,1.61,1.61,1.63,1.57,7355,6455856.0,3.7,-0.62,-0.01,0.87
2003-04-09,600740,1.62,1.66,1.69,1.59,8502,7515674.0,6.21,3.11,0.05,1.01
2003-04-10,600740,1.66,1.71,1.71,1.63,9547,8609954.0,4.82,3.01,0.05,1.13
2003-04-11,600740,1.71,1.77,1.8,1.7,8233,7654997.0,5.85,3.51,0.06,0.98
2003-04-14,600740,1.76,1.89,1.91,1.76,21191,20383942.0,8.47,6.78,0.12,2.51
2003-04-15,600740,1.9,1.93,1.94,1.88,12299,12031972.0,3.17,2.12,0.04,1.46
2003-04-16,600740,1.93,1.83,1.93,1.82,10690,10300844.0,5.7,-5.18,-0.1,1.27
2003-04-17,600740,1.84,1.86,1.89,1.83,7368,7074551.0,3.28,1.64,0.03,0.87
2003-04-18,600740,1.91,1.86,1.91,1.84,5635,5421919.0,3.76,0.0,0.0,0.67
2003-04-21,600740,1.84,1.74,1.84,1.72,5688,5304377.0,6.45,-6.45,-0.12,0.67
2003-04-22,600740,1.74,1.75,1.77,1.73,2733,2521957.0,2.3,0.57,0.01,0.32
2003-04-23,600740,1.74,1.66,1.74,1.65,4145,3753071.0,5.14,-5.14,-0.09,0.49
2003-04-24,600740,1.66,1.6,1.67,1.55,4345,3827450.0,7.23,-3.61,-0.06,0.51
2003-04-25,600740,1.59,1.65,1.73,1.57,3980,3459267.0,10.0,3.13,0.05,0.47
2003-04-28,600740,1.58,1.77,1.78,1.57,8365,7577385.0,12.73,7.27,0.12,0.99
2003-04-29,600740,1.76,1.79,1.79,1.71,7958,7393807.0,4.52,1.13,0.02,0.94
2003-04-30,600740,1.79,1.88,1.91,1.79,16333,15758353.0,6.7,5.03,0.09,1.93
2003-05-12,600740,1.88,2.0,2.0,1.88,28214,28200480.0,6.38,6.38,0.12,3.34
2003-05-13,600740,2.01,1.98,2.02,1.92,18703,18622221.0,5.0,-1.0,-0.02,2.21
2003-05-14,600740,1.97,2.11,2.12,1.93,21140,21563084.0,9.6,6.57,0.13,2.5
2003-05-15,600740,2.08,2.09,2.16,2.04,23203,24290752.0,5.69,-0.95,-0.02,2.75
2003-05-16,600740,2.09,2.06,2.1,2.03,9677,9979226.0,3.35,-1.44,-0.03,1.15
2003-05-19,600740,2.06,2.01,2.1,2.0,6101,6269346.0,4.85,-2.43,-0.05,0.72
2003-05-20,600740,2.0,2.04,2.06,1.98,8097,8232968.0,3.98,1.49,0.03,0.96
2003-05-21,600740,2.07,2.04,2.12,2.03,7315,7610744.0,4.41,0.0,0.0,0.87
2003-05-22,600740,2.04,2.06,2.06,1.99,6158,6290964.0,3.43,0.98,0.02,0.73
2003-05-23,600740,2.06,2.16,2.22,2.06,29148,31038339.0,7.77,4.85,0.1,3.45
2003-05-26,600740,2.16,2.24,2.25,2.16,14926,16138645.0,4.17,3.7,0.08,1.77
2003-05-27,600740,2.22,2.24,2.25,2.19,10868,11772610.0,2.68,0.0,0.0,1.29
2003-05-28,600740,2.23,2.12,2.23,2.12,12339,13113589.0,4.91,-5.36,-0.12,1.46
2003-05-29,600740,2.09,2.11,2.12,2.02,9138,9467744.0,4.72,-0.47,-0.01,1.08
2003-05-30,600740,2.11,2.19,2.21,2.11,7424,7857739.0,4.74,3.79,0.08,0.88
2003-06-02,600740,2.21,2.18,2.21,2.06,4382,4635679.0,6.85,-0.46,-0.01,0.52
2003-06-03,600740,2.17,2.17,2.19,2.14,5493,5863162.0,2.29,-0.46,-0.01,0.65
2003-06-04,600740,2.1,2.14,2.16,2.09,3917,4137347.0,3.23,-1.38,-0.03,0.46
2003-06-05,600740,2.13,2.15,2.18,2.12,4304,4572005.0,2.8,0.47,0.01,0.51
2003-06-06,600740,2.14,2.13,2.15,2.09,5466,5764129.0,2.79,-0.93,-0.02,0.65
2003-06-09,600740,2.09,2.09,2.12,2.08,4296,4484231.0,1.88,-1.88,-0.04,0.51
2003-06-10,600740,2.09,2.08,2.11,2.07,3728,3876988.0,1.91,-0.48,-0.01,0.44
2003-06-11,600740,2.06,2.15,2.18,2.06,6663,7055633.0,5.77,3.37,0.07,0.79
2003-06-12,600740,2.15,2.15,2.15,2.1,4715,4960760.0,2.33,0.0,0.0,0.56
2003-06-13,600740,2.15,2.17,2.2,2.13,5570,5954734.0,3.26,0.93,0.02,0.66
2003-06-16,600740,2.15,2.17,2.17,2.13,2253,2389446.0,1.84,0.0,0.0,0.27
2003-06-17,600740,2.14,2.14,2.17,2.14,1143,1210968.0,1.38,-1.38,-0.03,0.14
2003-06-19,600740,2.14,2.08,2.16,2.06,4877,5074606.0,4.67,-2.8,-0.06,0.58
2003-06-20,600740,2.07,2.06,2.09,2.05,3518,3629772.0,1.92,-0.96,-0.02,0.42
2003-06-23,600740,2.03,1.94,2.04,1.94,6438,6449735.0,4.85,-5.83,-0.12,0.76
2003-06-24,600740,1.94,1.93,1.96,1.93,1607,1589324.0,1.55,-0.52,-0.01,0.19
2003-06-25,600740,1.95,1.93,1.95,1.93,1655,1634316.0,1.04,0.0,0.0,0.2
2003-06-26,600740,1.91,1.93,1.94,1.88,3525,3460423.0,3.11,0.0,0.0,0.42
2003-06-27,600740,1.93,1.9,1.96,1.9,2065,2043725.0,3.11,-1.55,-0.03,0.24
2003-06-30,600740,1.86,1.86,1.91,1.86,1253,1212934.0,2.63,-2.11,-0.04,0.15
2003-07-01,600740,1.88,1.9,1.94,1.87,2039,2002986.0,3.76,2.15,0.04,0.24
2003-07-02,600740,1.91,1.96,1.96,1.89,1485,1472531.0,3.68,3.16,0.06,0.18
2003-07-03,600740,1.95,1.96,1.98,1.94,3232,3205924.0,2.04,0.0,0.0,0.38
2003-07-04,600740,1.96,2.01,2.01,1.96,5197,5224035.0,2.55,2.55,0.05,0.62
2003-07-07,600740,2.01,2.0,2.02,1.99,2036,2058373.0,1.49,-0.5,-0.01,0.24
2003-07-08,600740,2.01,2.02,2.03,1.99,2029,2051599.0,2.0,1.0,0.02,0.24
2003-07-09,600740,2.08,1.97,2.08,1.96,5464,5496602.0,5.94,-2.48,-0.05,0.65
2003-07-10,600740,1.99,1.99,2.03,1.96,6567,6608349.0,3.55,1.02,0.02,0.78
2003-07-11,600740,1.99,2.0,2.03,1.99,6713,6805774.0,2.01,0.5,0.01,0.8
2003-07-14,600740,2.02,2.02,2.03,1.99,4521,4586419.0,2.0,1.0,0.02,0.54
2003-07-15,600740,2.03,2.06,2.06,2.01,3806,3891631.0,2.48,1.98,0.04,0.45
2003-07-16,600740,2.06,2.03,2.06,2.0,3248,3311522.0,2.91,-1.46,-0.03,0.38
2003-07-17,600740,2.05,2.15,2.16,2.04,11964,12593343.0,5.91,5.91,0.12,1.42
2003-07-18,600740,2.15,2.09,2.16,2.08,7615,8010393.0,3.72,-2.79,-0.06,0.9
2003-07-21,600740,2.03,2.04,2.09,2.0,3509,3587800.0,4.31,-2.39,-0.05,0.42
2003-07-22,600740,2.07,2.06,2.09,2.04,3695,3801970.0,2.45,0.98,0.02,0.44
2003-07-23,600740,2.06,2.04,2.07,2.02,5080,5207175.0,2.43,-0.97,-0.02,0.6
2003-07-24,600740,2.04,2.02,2.04,2.01,3204,3263524.0,1.47,-0.98,-0.02,0.38
2003-07-25,600740,2.02,2.01,2.03,1.94,3686,3726352.0,4.46,-0.5,-0.01,0.44
2003-07-28,600740,2.0,2.01,2.02,1.97,1698,1709106.0,2.49,0.0,0.0,0.2
2003-07-29,600740,2.02,1.96,2.04,1.95,4198,4200840.0,4.48,-2.49,-0.05,0.5
2003-07-30,600740,1.97,1.96,1.97,1.91,3153,3138756.0,3.06,0.0,0.0,0.37
2003-07-31,600740,1.96,1.95,2.0,1.93,4889,4887611.0,3.57,-0.51,-0.01,0.58
2003-08-01,600740,1.95,1.97,1.97,1.92,1566,1558048.0,2.56,1.03,0.02,0.19
2003-08-04,600740,1.94,1.98,1.99,1.94,1351,1351450.0,2.54,0.51,0.01,0.16
2003-08-05,600740,1.99,1.97,1.99,1.94,2670,2665223.0,2.53,-0.51,-0.01,0.32
2003-08-06,600740,1.97,1.94,1.97,1.91,1617,1591989.0,3.05,-1.52,-0.03,0.19
2003-08-07,600740,1.93,1.91,1.96,1.91,1155,1135883.0,2.58,-1.55,-0.03,0.14
2003-08-08,600740,1.95,1.88,1.95,1.87,2608,2534670.0,4.19,-1.57,-0.03,0.31
2003-08-11,600740,1.86,1.85,1.86,1.82,2757,2642758.0,2.13,-1.6,-0.03,0.33
2003-08-12,600740,1.85,1.86,1.89,1.85,1923,1862232.0,2.16,0.54,0.01,0.23
2003-08-13,600740,1.86,1.86,1.92,1.85,1719,1656134.0,3.76,0.0,0.0,0.2
2003-08-14,600740,1.87,1.86,1.9,1.85,2167,2088276.0,2.69,0.0,0.0,0.26
2003-08-15,600740,1.86,1.82,1.86,1.82,2098,2011753.0,2.15,-2.15,-0.04,0.25
2003-08-18,600740,1.81,1.83,1.88,1.8,1678,1599683.0,4.4,0.55,0.01,0.2
2003-08-19,600740,1.82,1.82,1.85,1.81,940,891587.0,2.19,-0.55,-0.01,0.11
2003-08-20,600740,1.81,1.75,1.81,1.73,1318,1221688.0,4.4,-3.85,-0.07,0.16
2003-08-21,600740,1.74,1.73,1.74,1.71,2386,2192644.0,1.71,-1.14,-0.02,0.28
2003-08-22,600740,1.73,1.72,1.75,1.72,1012,929852.0,1.73,-0.58,-0.01,0.12
2003-08-25,600740,1.68,1.65,1.69,1.63,3162,2830870.0,3.49,-4.07,-0.07,0.37
2003-08-26,600740,1.64,1.67,1.71,1.64,1388,1252134.0,4.24,1.21,0.02,0.16
2003-08-27,600740,1.67,1.66,1.7,1.66,2781,2506673.0,2.4,-0.6,-0.01,0.33
2003-08-28,600740,1.67,1.69,1.69,1.62,1076,969786.0,4.22,1.81,0.03,0.13
2003-08-29,600740,1.7,1.69,1.7,1.66,618,556376.0,2.37,0.0,0.0,0.07
2003-09-01,600740,1.7,1.73,1.75,1.6,925,846570.0,8.88,2.37,0.04,0.11
2003-09-02,600740,1.75,1.73,1.79,1.73,1197,1111437.0,3.47,0.0,0.0,0.14
2003-09-03,600740,1.7,1.67,1.71,1.67,1174,1058862.0,2.31,-3.47,-0.06,0.14
2003-09-04,600740,1.65,1.68,1.69,1.65,1570,1411217.0,2.4,0.6,0.01,0.19
2003-09-05,600740,1.65,1.64,1.69,1.64,1068,952558.0,2.98,-2.38,-0.04,0.13
2003-09-08,600740,1.64,1.65,1.65,1.6,1379,1220052.0,3.05,0.61,0.01,0.16
2003-09-09,600740,1.66,1.64,1.67,1.62,1876,1667493.0,3.03,-0.61,-0.01,0.22
2003-09-10,600740,1.62,1.67,1.67,1.62,955,851581.0,3.05,1.83,0.03,0.11
2003-09-11,600740,1.67,1.69,1.69,1.65,302,271297.0,2.4,1.2,0.02,0.04
2003-09-12,600740,1.67,1.66,1.68,1.65,685,611769.0,1.78,-1.78,-0.03,0.08
2003-09-15,600740,1.65,1.64,1.67,1.62,372,331285.0,3.01,-1.2,-0.02,0.04
2003-09-16,600740,1.65,1.67,1.67,1.64,504,449789.0,1.83,1.83,0.03,0.06
2003-09-17,600740,1.64,1.66,1.67,1.59,1111,989656.0,4.79,-0.6,-0.01,0.13
2003-09-18,600740,1.65,1.63,1.65,1.62,677,600358.0,1.81,-1.81,-0.03,0.08
2003-09-19,600740,1.65,1.66,1.66,1.62,609,540226.0,2.45,1.84,0.03,0.07
2003-09-22,600740,1.7,1.67,1.72,1.66,265,238743.0,3.61,0.6,0.01,0.03
2003-09-23,600740,1.7,1.68,1.7,1.62,1259,1121119.0,4.79,0.6,0.01,0.15
2003-09-24,600740,1.67,1.67,1.7,1.66,408,367231.0,2.38,-0.6,-0.01,0.05
2003-09-25,600740,1.68,1.68,1.7,1.66,796,715696.0,2.4,0.6,0.01,0.09
2003-09-26,600740,1.67,1.73,1.74,1.67,2611,2387034.0,4.17,2.98,0.05,0.31
2003-09-29,600740,1.73,1.74,1.75,1.72,1662,1529503.0,1.73,0.58,0.01,0.2
2003-09-30,600740,1.75,1.74,1.75,1.7,1152,1058906.0,2.87,0.0,0.0,0.14
2003-10-09,600740,1.71,1.76,1.76,1.71,876,809902.0,2.87,1.15,0.02,0.1
2003-10-10,600740,1.74,1.82,1.82,1.73,1542,1445979.0,5.11,3.41,0.06,0.18
2003-10-13,600740,1.82,1.84,1.89,1.79,4560,4389600.0,5.49,1.1,0.02,0.54
2003-10-14,600740,1.83,1.8,1.85,1.79,1144,1081748.0,3.26,-2.17,-0.04,0.14
2003-10-15,600740,1.81,1.79,1.84,1.78,916,867882.0,3.33,-0.56,-0.01,0.11
2003-10-16,600740,1.75,1.75,1.78,1.73,1056,978946.0,2.79,-2.23,-0.04,0.13
2003-10-17,600740,1.74,1.77,1.78,1.74,478,444772.0,2.29,1.14,0.02,0.06
2003-10-20,600740,1.78,1.77,1.79,1.76,842,782723.0,1.69,0.0,0.0,0.1
2003-10-21,600740,1.78,1.78,1.78,1.67,1309,1207079.0,6.21,0.56,0.01,0.16
2003-10-22,600740,1.77,1.83,1.85,1.73,1773,1674559.0,6.74,2.81,0.05,0.21
2003-10-23,600740,1.84,1.79,1.85,1.78,748,708262.0,3.83,-2.19,-0.04,0.09
2003-10-24,600740,1.79,1.8,1.81,1.76,491,459368.0,2.79,0.56,0.01,0.06
2003-10-27,600740,1.79,1.76,1.8,1.76,568,530463.0,2.22,-2.22,-0.04,0.07
2003-10-28,600740,1.73,1.75,1.8,1.73,1269,1177206.0,3.98,-0.57,-0.01,0.15
2003-10-29,600740,1.85,2.03,2.03,1.85,77962,78755192.0,10.29,16.0,0.28,9.23
2003-10-30,600740,2.03,2.08,2.15,2.03,44372,46192692.0,5.91,2.46,0.05,5.25
2003-10-31,600740,2.05,2.07,2.09,2.01,15137,15567513.0,3.85,-0.48,-0.01,1.79
2003-11-03,600740,2.07,2.19,2.23,2.04,22048,23617788.0,9.18,5.8,0.12,2.61
2003-11-04,600740,2.19,2.23,2.31,2.17,28506,31378894.0,6.39,1.83,0.04,3.38
2003-11-05,600740,2.22,2.28,2.3,2.17,26676,29200963.0,5.83,2.24,0.05,3.16
2003-11-06,600740,2.28,2.28,2.38,2.24,17841,19817662.0,6.14,0.0,0.0,2.11
2003-11-07,600740,2.27,2.18,2.31,2.16,22339,24195941.0,6.58,-4.39,-0.1,2.65
2003-11-10,600740,2.2,2.46,2.47,2.17,54379,61227220.0,13.76,12.84,0.28,6.44
2003-11-11,600740,2.47,2.48,2.62,2.45,41857,49664837.0,6.91,0.81,0.02,4.96
2003-11-12,600740,2.49,2.53,2.59,2.38,31818,37713805.0,8.47,2.02,0.05,3.77
2003-11-13,600740,2.53,2.47,2.55,2.44,12822,15082430.0,4.35,-2.37,-0.06,1.52
2003-11-14,600740,2.45,2.49,2.49,2.41,12220,14198560.0,3.24,0.81,0.02,1.45
2003-11-17,600740,2.49,2.32,2.51,2.31,23464,26613780.0,8.03,-6.83,-0.17,2.78
2003-11-18,600740,2.32,2.28,2.37,2.25,18611,20723509.0,5.17,-1.72,-0.04,2.2
2003-11-19,600740,2.27,2.32,2.33,2.27,11767,13100824.0,2.63,1.75,0.04,1.39
2003-11-20,600740,2.32,2.33,2.38,2.27,14497,16259325.0,4.74,0.43,0.01,1.72
2003-11-21,600740,2.33,2.43,2.58,2.28,45392,53276180.0,12.88,4.29,0.1,5.38
2003-11-24,600740,2.41,2.51,2.53,2.36,21113,24598284.0,7.0,3.29,0.08,2.5
2003-11-25,600740,2.5,2.47,2.51,2.41,18277,21230633.0,3.98,-1.59,-0.04,2.16
2003-11-26,600740,2.46,2.61,2.62,2.41,26895,32047323.0,8.5,5.67,0.14,3.19
2003-11-27,600740,2.62,2.49,2.65,2.48,17621,21230146.0,6.51,-4.6,-0.12,2.09
2003-11-28,600740,2.5,2.56,2.63,2.5,13114,15759795.0,5.22,2.81,0.07,1.55
2003-12-01,600740,2.57,2.8,2.91,2.55,48921,62153345.0,14.06,9.38,0.24,5.79
2003-12-02,600740,2.8,2.81,2.85,2.77,25915,33352381.0,2.86,0.36,0.01,3.07
2003-12-03,600740,2.8,2.8,2.91,2.78,28725,37319672.0,4.63,-0.36,-0.01,3.4
2003-12-04,600740,2.8,2.86,2.95,2.8,16340,21313610.0,5.36,2.14,0.06,1.94
2003-12-05,600740,2.88,2.86,2.88,2.78,15308,19664678.0,3.5,0.0,0.0,1.81
2003-12-08,600740,2.87,2.88,2.94,2.79,14459,18849373.0,5.24,0.7,0.02,1.71
2003-12-09,600740,2.88,2.98,3.01,2.86,26495,35312258.0,5.21,3.47,0.1,3.14
2003-12-10,600740,2.98,3.04,3.04,2.95,26688,36078211.0,3.02,2.01,0.06,3.16
2003-12-11,600740,3.05,3.04,3.07,3.01,17763,24140153.0,1.97,0.0,0.0,2.1
2003-12-12,600740,3.03,2.94,3.04,2.94,22342,29904396.0,3.29,-3.29,-0.1,2.65
2003-12-15,600740,2.94,2.97,3.01,2.94,11709,15682599.0,2.38,1.02,0.03,1.39
2003-12-16,600740,2.97,2.88,2.97,2.84,17343,22668239.0,4.38,-3.03,-0.09,2.05
2003-12-17,600740,2.88,2.94,3.05,2.86,19181,25660316.0,6.6,2.08,0.06,2.27
2003-12-18,600740,2.91,3.17,3.18,2.9,35496,49303650.0,9.52,7.82,0.23,4.2
2003-12-19,600740,3.18,3.17,3.3,3.14,30845,43729661.0,5.05,0.0,0.0,3.65
2003-12-22,600740,3.17,3.38,3.39,3.14,32480,47051514.0,7.89,6.62,0.21,3.85
2003-12-23,600740,3.38,3.38,3.41,3.28,20806,30408692.0,3.85,0.0,0.0,2.46
2003-12-24,600740,3.38,3.44,3.44,3.3,24794,36505250.0,4.14,1.78,0.06,2.94
2003-12-25,600740,3.44,3.31,3.44,3.3,17421,25614611.0,4.07,-3.78,-0.13,2.06
2003-12-26,600740,3.3,3.22,3.35,3.21,24211,34666584.0,4.23,-2.72,-0.09,2.87
2003-12-29,600740,3.21,3.3,3.41,3.18,17249,25149827.0,7.14,2.48,0.08,2.04
2003-12-30,600740,3.31,3.33,3.39,3.25,13856,20221125.0,4.24,0.91,0.03,1.64
2003-12-31,600740,3.33,3.24,3.38,3.21,11531,16541913.0,5.11,-2.7,-0.09,1.37
2004-01-02,600740,3.23,3.23,3.3,3.2,16647,23834001.0,3.09,-0.31,-0.01,1.97
2004-01-05,600740,3.22,3.37,3.47,3.2,31514,46465588.0,8.36,4.33,0.14,3.73
2004-01-06,600740,3.35,3.45,3.54,3.33,25254,37835529.0,6.23,2.37,0.08,2.99
2004-01-07,600740,3.44,3.53,3.54,3.34,30286,45281372.0,5.8,2.32,0.08,3.59
2004-01-08,600740,3.54,3.51,3.68,3.48,25801,39528576.0,5.67,-0.57,-0.02,3.06
2004-01-09,600740,3.49,3.26,3.49,3.24,40310,59613934.0,7.12,-7.12,-0.25,4.77
2004-01-12,600740,3.24,3.22,3.27,3.07,69160,96819900.0,6.13,-1.23,-0.04,8.19
2004-01-13,600740,3.23,3.37,3.45,3.23,39898,58433999.0,6.83,4.66,0.15,4.72
2004-01-14,600740,3.37,3.24,3.38,3.23,22850,33254490.0,4.45,-3.86,-0.13,2.71
2004-01-15,600740,3.21,3.12,3.29,3.1,25777,36462518.0,5.86,-3.7,-0.12,3.05
2004-01-16,600740,3.15,3.0,3.15,2.99,34171,46424546.0,5.13,-3.85,-0.12,4.05
2004-01-29,600740,3.0,3.16,3.18,2.9,21138,28902343.0,9.33,5.33,0.16,2.5
2004-01-30,600740,3.15,3.04,3.15,2.98,13698,18735985.0,5.38,-3.8,-0.12,1.62
2004-02-02,600740,3.06,3.0,3.2,2.95,18608,25371793.0,8.22,-1.32,-0.04,2.2
2004-02-03,600740,3.0,3.1,3.15,2.99,14525,19969444.0,5.33,3.33,0.1,1.72
2004-02-04,600740,3.11,3.22,3.27,3.1,22767,32217494.0,5.48,3.87,0.12,2.7
2004-02-05,600740,3.24,3.26,3.35,3.23,23659,34234101.0,3.73,1.24,0.04,2.8
2004-02-06,600740,3.26,3.2,3.27,3.2,17716,25260098.0,2.15,-1.84,-0.06,2.1
2004-02-09,600740,3.2,3.32,3.32,3.19,15965,23060681.0,4.06,3.75,0.12,1.89
2004-02-10,600740,3.3,3.21,3.33,3.19,12493,17845946.0,4.22,-3.31,-0.11,1.48
2004-02-11,600740,3.2,3.1,3.21,3.06,20289,27962419.0,4.67,-3.43,-0.11,2.4
2004-02-12,600740,3.1,3.04,3.14,3.02,12200,16718070.0,3.87,-1.94,-0.06,1.44
2004-02-13,600740,3.04,3.07,3.09,3.03,6447,8820308.0,1.97,0.99,0.03,0.76
2004-02-16,600740,3.03,3.16,3.16,3.01,8506,11796060.0,4.89,2.93,0.09,1.01
2004-02-17,600740,3.16,3.11,3.16,3.09,15720,21834783.0,2.22,-1.58,-0.05,1.86
2004-02-18,600740,3.09,3.38,3.43,3.09,52987,77511263.0,10.93,8.68,0.27,6.28
2004-02-19,600740,3.38,3.36,3.42,3.32,19585,28883635.0,2.96,-0.59,-0.02,2.32
2004-02-20,600740,3.37,3.55,3.57,3.37,48226,72714273.0,5.95,5.65,0.19,5.71
2004-02-23,600740,3.57,3.37,3.63,3.36,38130,58018520.0,7.61,-5.07,-0.18,4.52
2004-02-24,600740,3.36,3.74,3.76,3.33,52375,80519459.0,12.76,10.98,0.37,6.2
2004-02-25,600740,3.7,3.54,3.74,3.49,38985,61003046.0,6.68,-5.35,-0.2,4.62
2004-02-26,600740,3.51,3.55,3.6,3.48,23443,35872730.0,3.39,0.28,0.01,2.78
2004-02-27,600740,3.55,3.79,3.87,3.55,70261,113117811.0,9.01,6.76,0.24,8.32
2004-03-01,600740,3.8,3.88,3.92,3.72,28141,46067794.0,5.28,2.37,0.09,3.33
2004-03-02,600740,3.89,3.79,3.91,3.77,31101,50632550.0,3.61,-2.32,-0.09,3.68
2004-03-03,600740,3.77,3.69,3.89,3.68,34436,55398487.0,5.54,-2.64,-0.1,4.08
2004-03-04,600740,3.69,3.62,3.72,3.53,26490,41051639.0,5.15,-1.9,-0.07,3.14
2004-03-05,600740,3.63,3.38,3.68,3.28,86428,129315190.0,11.05,-6.63,-0.24,10.24
2004-03-08,600740,3.38,3.18,3.41,3.15,38993,55865683.0,7.69,-5.92,-0.2,4.62
2004-03-09,600740,3.07,2.99,3.12,2.93,85496,115591666.0,5.97,-5.97,-0.19,10.13
2004-03-10,600740,2.98,3.03,3.07,2.94,26343,35641647.0,4.35,1.34,0.04,3.12
2004-03-11,600740,3.04,3.34,3.38,3.03,72816,103833807.0,11.55,10.23,0.31,8.62
2004-03-12,600740,3.3,3.33,3.36,3.21,27650,39985783.0,4.49,-0.3,-0.01,3.27
2004-03-15,600740,3.27,3.35,3.45,3.18,31612,46077100.0,8.11,0.6,0.02,3.74
2004-03-16,600740,3.38,3.42,3.52,3.38,30024,44993823.0,4.18,2.09,0.07,3.56
2004-03-17,600740,3.44,3.49,3.5,3.38,19404,29066367.0,3.51,2.05,0.07,2.3
2004-03-18,600740,3.51,3.49,3.62,3.46,37794,57782356.0,4.58,0.0,0.0,4.48
2004-03-19,600740,3.49,3.54,3.55,3.41,24823,37473168.0,4.01,1.43,0.05,2.94
2004-03-22,600740,3.69,3.6,3.73,3.57,59500,92655790.0,4.52,1.69,0.06,7.05
2004-03-23,600740,3.63,3.7,3.75,3.55,62909,98449517.0,5.56,2.78,0.1,7.45
2004-03-24,600740,3.7,3.7,3.78,3.65,25269,40186948.0,3.51,0.0,0.0,2.99
2004-03-25,600740,3.66,3.66,3.68,3.6,24126,37750318.0,2.16,-1.08,-0.04,2.86
2004-03-26,600740,3.64,3.58,3.64,3.56,24699,38207188.0,2.19,-2.19,-0.08,2.93
2004-03-29,600740,3.58,3.44,3.6,3.42,18062,27380507.0,5.03,-3.91,-0.14,2.14
2004-03-30,600740,3.42,3.44,3.47,3.38,17964,26762365.0,2.62,0.0,0.0,2.13
2004-03-31,600740,3.45,3.52,3.58,3.45,15149,23059470.0,3.78,2.33,0.08,1.79
2004-04-01,600740,3.53,3.6,3.64,3.53,22979,35668116.0,3.13,2.27,0.08,2.72
2004-04-02,600740,3.62,3.62,3.64,3.56,21717,33747378.0,2.22,0.56,0.02,2.57
2004-04-05,600740,3.72,3.83,3.89,3.68,77173,125207940.0,5.8,5.8,0.21,9.14
2004-04-06,600740,3.86,3.86,3.94,3.81,35582,58441918.0,3.39,0.78,0.03,4.21
2004-04-07,600740,3.86,4.13,4.2,3.86,55423,94969241.0,8.81,6.99,0.27,6.56
2004-04-08,600740,4.13,4.18,4.24,4.04,30923,53833666.0,4.84,1.21,0.05,3.66
2004-04-09,600740,4.19,4.03,4.29,3.89,30451,52954661.0,9.57,-3.59,-0.15,3.61
2004-04-12,600740,4.07,4.03,4.09,3.91,26122,43939950.0,4.47,0.0,0.0,3.09
2004-04-13,600740,3.98,3.91,4.06,3.89,17630,29480616.0,4.22,-2.98,-0.12,2.09
2004-04-16,600740,3.75,3.93,3.93,3.6,30905,49658622.0,8.44,0.51,0.02,3.66
2004-04-19,600740,3.92,3.85,3.98,3.8,7420,12180982.0,4.58,-2.04,-0.08,0.88
2004-04-20,600740,3.83,3.7,3.89,3.69,6488,10502517.0,5.19,-3.9,-0.15,0.77
2004-04-21,600740,3.7,3.57,3.73,3.54,14841,23102290.0,5.14,-3.51,-0.13,1.76
2004-04-22,600740,3.45,3.58,3.6,3.45,4405,6753203.0,4.2,0.28,0.01,0.52
2004-04-23,600740,3.57,3.64,3.66,3.56,8387,13059719.0,2.79,1.68,0.06,0.99
2004-04-26,600740,3.6,3.52,3.67,3.51,12659,19503889.0,4.4,-3.3,-0.12,1.5
2004-04-27,600740,3.52,3.28,3.57,3.18,20163,29496148.0,11.08,-6.82,-0.24,2.39
2004-04-28,600740,3.19,3.05,3.28,3.03,21833,30173466.0,7.62,-7.01,-0.23,2.59
2004-04-29,600740,3.01,2.81,3.01,2.8,25910,33751803.0,6.89,-7.87,-0.24,3.07
2004-04-30,600740,2.8,2.86,2.92,2.77,34156,44383402.0,5.34,1.78,0.05,4.05
2004-05-10,600740,2.89,2.88,2.97,2.86,11833,15567135.0,3.85,0.7,0.02,1.4
2004-05-11,600740,2.91,2.92,2.99,2.89,13359,17755396.0,3.47,1.39,0.04,1.58
2004-05-12,600740,2.97,3.14,3.14,2.92,23696,32385895.0,7.53,7.53,0.22,2.81
2004-05-13,600740,3.15,3.18,3.21,3.12,13971,19617047.0,2.87,1.27,0.04,1.65
2004-05-14,600740,3.18,2.95,3.21,2.91,22851,30772467.0,9.43,-7.23,-0.23,2.71
2004-05-17,600740,2.93,2.83,2.93,2.8,18842,24419461.0,4.41,-4.07,-0.12,2.23
2004-05-18,600740,2.8,2.8,2.9,2.68,23520,30022572.0,7.77,-1.06,-0.03,2.79
2004-05-19,600740,2.83,2.87,2.92,2.81,16246,21215015.0,3.93,2.5,0.07,1.92
2004-05-20,600740,2.88,2.88,2.95,2.86,8578,11275790.0,3.14,0.35,0.01,1.02
2004-05-21,600740,2.92,2.93,2.94,2.86,6077,7984018.0,2.78,1.74,0.05,0.72
2004-05-24,600740,2.92,2.85,2.96,2.84,6342,8102363.0,4.1,-2.73,-0.08,0.75
2004-05-25,600740,2.83,2.72,2.83,2.71,8931,10882740.0,4.21,-4.56,-0.13,1.06
2004-05-26,600740,2.68,2.61,2.68,2.5,26202,30476342.0,6.62,-4.04,-0.11,3.1
2004-05-27,600740,2.59,2.72,2.78,2.55,17605,21293711.0,8.81,4.21,0.11,2.08
2004-05-28,600740,2.75,2.66,2.75,2.65,14401,17308392.0,3.68,-2.21,-0.06,1.71
2004-05-31,600740,2.69,2.71,2.72,2.66,7914,9525236.0,2.26,1.88,0.05,0.94
2004-06-01,600740,2.74,2.94,2.94,2.7,29347,37186093.0,8.86,8.49,0.23,3.48
2004-06-02,600740,2.94,2.92,2.99,2.88,15171,19547796.0,3.74,-0.68,-0.02,1.8
2004-06-03,600740,2.92,2.83,2.98,2.79,10157,12734573.0,6.51,-3.08,-0.09,1.2
2004-06-04,600740,2.82,2.74,2.82,2.74,12064,14831140.0,2.83,-3.18,-0.09,1.43
2004-06-07,600740,2.71,2.66,2.71,2.62,10602,12655040.0,3.28,-2.92,-0.08,1.26
2004-06-08,600740,2.67,2.68,2.7,2.64,12272,14644344.0,2.26,0.75,0.02,1.45
2004-06-09,600740,2.7,2.67,2.7,2.65,10816,12947758.0,1.87,-0.37,-0.01,1.28
2004-06-10,600740,2.67,2.77,2.8,2.66,9479,11535787.0,5.24,3.75,0.1,1.12
2004-06-11,600740,2.77,2.76,2.84,2.75,10412,12948777.0,3.25,-0.36,-0.01,1.23
2004-06-14,600740,2.71,2.68,2.74,2.62,5491,6583937.0,4.35,-2.9,-0.08,0.65
2004-06-15,600740,2.68,2.77,2.77,2.65,4719,5709116.0,4.48,3.36,0.09,0.56
2004-06-16,600740,2.77,2.82,2.88,2.73,8600,10731359.0,5.42,1.81,0.05,1.02
2004-06-17,600740,2.81,2.73,2.85,2.73,4528,5573290.0,4.26,-3.19,-0.09,0.54
2004-06-18,600740,2.7,2.68,2.76,2.65,5863,7053447.0,4.03,-1.83,-0.05,0.69
2004-06-21,600740,2.68,2.62,2.73,2.59,8855,10510420.0,5.22,-2.24,-0.06,1.05
2004-06-22,600740,2.62,2.57,2.63,2.54,17182,19962614.0,3.44,-1.91,-0.05,2.03
2004-06-23,600740,2.56,2.41,2.57,2.33,23229,25724304.0,9.34,-6.23,-0.16,2.75
2004-06-24,600740,2.41,2.33,2.41,2.33,9228,10069000.0,3.32,-3.32,-0.08,1.09
2004-06-25,600740,2.31,2.23,2.38,2.23,14870,15823993.0,6.44,-4.29,-0.1,1.76
2004-06-28,600740,2.2,2.09,2.2,2.08,14308,14425191.0,5.38,-6.28,-0.14,1.69
2004-06-29,600740,2.08,2.2,2.21,2.06,18646,18917804.0,7.18,5.26,0.11,2.21
2004-06-30,600740,2.2,2.11,2.22,2.1,11283,11600371.0,5.45,-4.09,-0.09,1.34
2004-07-01,600740,2.13,2.39,2.41,2.12,57508,62543765.0,13.74,13.27,0.28,6.81
2004-07-02,600740,2.38,2.45,2.56,2.34,65007,73115356.0,9.21,2.51,0.06,7.7
2004-07-05,600740,2.48,2.49,2.5,2.43,15997,18034138.0,2.86,1.63,0.04,1.89
2004-07-06,600740,2.52,2.44,2.6,2.44,44857,51414830.0,6.43,-2.01,-0.05,5.31
2004-07-07,600740,2.42,2.41,2.45,2.39,18421,20487924.0,2.46,-1.23,-0.03,2.18
2004-07-08,600740,2.41,2.4,2.44,2.35,21273,23486219.0,3.73,-0.41,-0.01,2.52
2004-07-09,600740,2.43,2.41,2.5,2.41,18850,21210645.0,3.75,0.42,0.01,2.23
2004-07-12,600740,2.38,2.28,2.41,2.09,14092,15057022.0,13.28,-5.39,-0.13,1.67
2004-07-13,600740,2.29,2.33,2.35,2.24,6653,7138619.0,4.82,2.19,0.05,0.79
2004-07-14,600740,2.51,2.49,2.61,2.41,47119,53358427.0,8.58,6.87,0.16,5.58
2004-07-15,600740,2.5,2.83,2.83,2.49,85533,102828330.0,13.65,13.65,0.34,10.13
2004-07-16,600740,2.87,2.96,3.05,2.87,102818,133257067.0,6.36,4.59,0.13,12.18
2004-07-19,600740,2.96,3.02,3.11,2.91,44617,58428235.0,6.76,2.03,0.06,5.28
2004-07-20,600740,2.99,2.96,3.14,2.95,54659,72171354.0,6.29,-1.99,-0.06,6.47
2004-07-21,600740,2.95,2.96,3.0,2.86,32294,41493775.0,4.73,0.0,0.0,3.82
2004-07-22,600740,2.97,2.89,3.02,2.84,36402,46645362.0,6.08,-2.36,-0.07,4.31
2004-07-23,600740,2.86,2.9,2.92,2.77,33921,42313380.0,5.19,0.35,0.01,4.02
2004-07-26,600740,2.87,2.79,2.87,2.74,24937,30887863.0,4.48,-3.79,-0.11,2.95
2004-07-27,600740,2.81,2.96,2.96,2.8,43017,54957651.0,5.73,6.09,0.17,5.09
2004-07-28,600740,3.0,2.98,3.03,2.91,39950,52065230.0,4.05,0.68,0.02,4.73
2004-07-29,600740,2.98,2.99,3.01,2.91,28341,36669808.0,3.36,0.34,0.01,3.36
2004-07-30,600740,2.97,2.84,2.97,2.83,18903,24061533.0,4.68,-5.02,-0.15,2.24
2004-08-02,600740,2.83,2.78,2.87,2.74,18952,23563641.0,4.58,-2.11,-0.06,2.24
2004-08-03,600740,2.76,2.69,2.82,2.68,17333,21232076.0,5.04,-3.24,-0.09,2.05
2004-08-04,600740,2.67,2.99,3.04,2.62,61069,77658494.0,15.61,11.15,0.3,7.23
2004-08-05,600740,2.97,2.85,3.0,2.84,35281,45155544.0,5.35,-4.68,-0.14,4.18
2004-08-06,600740,2.84,2.91,2.96,2.83,17747,22658876.0,4.56,2.11,0.06,2.1
2004-08-09,600740,2.92,2.99,3.03,2.89,36975,48211778.0,4.81,2.75,0.08,4.38
2004-08-10,600740,3.07,2.93,3.11,2.9,36238,46693453.0,7.02,-2.01,-0.06,4.29
2004-08-11,600740,2.94,2.98,3.06,2.94,34083,44572251.0,4.1,1.71,0.05,4.04
2004-08-12,600740,2.96,2.94,3.0,2.9,22075,28464520.0,3.36,-1.34,-0.04,2.61
2004-08-13,600740,2.91,3.07,3.12,2.91,47455,63041062.0,7.14,4.42,0.13,5.62
2004-08-16,600740,3.08,3.1,3.12,3.03,28215,37672044.0,2.93,0.98,0.03,3.34
2004-08-17,600740,3.1,3.07,3.12,3.06,21775,29171552.0,1.94,-0.97,-0.03,2.58
2004-08-18,600740,3.08,2.98,3.08,2.98,32232,42518404.0,3.26,-2.93,-0.09,3.82
2004-08-19,600740,2.95,2.98,3.04,2.95,21309,27787285.0,3.02,0.0,0.0,2.52
2004-08-20,600740,2.97,2.94,3.02,2.92,16239,20991923.0,3.36,-1.34,-0.04,1.92
2004-08-23,600740,2.93,2.82,2.93,2.77,27278,34062885.0,5.44,-4.08,-0.12,3.23
2004-08-24,600740,2.8,2.85,2.88,2.76,12015,15006766.0,4.26,1.06,0.03,1.42
2004-08-25,600740,2.83,2.82,2.86,2.79,7448,9279763.0,2.46,-1.05,-0.03,0.88
2004-08-26,600740,2.83,2.85,2.88,2.77,7231,9034064.0,3.9,1.06,0.03,0.86
2004-08-27,600740,2.85,2.83,2.87,2.78,9070,11295774.0,3.16,-0.7,-0.02,1.07
2004-08-30,600740,2.8,2.8,2.84,2.76,4985,6170911.0,2.83,-1.06,-0.03,0.59
2004-08-31,600740,2.86,2.89,2.97,2.86,13668,17489952.0,3.93,3.21,0.09,1.62
2004-09-01,600740,2.87,2.8,2.87,2.8,6688,8344649.0,2.42,-3.11,-0.09,0.79
2004-09-02,600740,2.78,2.78,2.81,2.64,18458,22431717.0,6.07,-0.71,-0.02,2.19
2004-09-03,600740,2.77,2.68,2.77,2.67,12299,14828477.0,3.6,-3.6,-0.1,1.46
2004-09-06,600740,2.62,2.46,2.65,2.46,26639,30526511.0,7.09,-8.21,-0.22,3.15
2004-09-07,600740,2.41,2.5,2.53,2.39,12477,14122311.0,5.69,1.63,0.04,1.48
2004-09-08,600740,2.52,2.49,2.53,2.45,5162,5852295.0,3.2,-0.4,-0.01,0.61
2004-09-09,600740,2.49,2.41,2.49,2.36,7334,8143249.0,5.22,-3.21,-0.08,0.87
2004-09-10,600740,2.38,2.38,2.41,2.35,7725,8469518.0,2.49,-1.24,-0.03,0.91
2004-09-13,600740,2.38,2.2,2.38,2.17,14661,15476844.0,8.82,-7.56,-0.18,1.74
2004-09-14,600740,2.24,2.34,2.38,2.23,21363,23047359.0,6.82,6.36,0.14,2.53
2004-09-15,600740,2.34,2.6,2.66,2.33,39863,46326402.0,14.1,11.11,0.26,4.72
2004-09-16,600740,2.59,2.65,2.68,2.59,23130,27369577.0,3.46,1.92,0.05,2.74
2004-09-17,600740,2.64,2.9,2.91,2.64,51441,63399426.0,10.19,9.43,0.25,6.09
2004-09-20,600740,2.92,3.01,3.03,2.9,47084,61060208.0,4.48,3.79,0.11,5.58
2004-09-21,600740,3.01,2.94,3.06,2.89,37265,48265165.0,5.65,-2.33,-0.07,4.41
2004-09-22,600740,2.86,2.89,3.01,2.83,35898,46207440.0,6.12,-1.7,-0.05,4.25
2004-09-23,600740,2.89,3.16,3.18,2.85,39460,51337655.0,11.42,9.34,0.27,4.67
2004-09-24,600740,3.21,3.01,3.38,3.01,72669,101299906.0,11.71,-4.75,-0.15,8.61
2004-09-27,600740,3.1,3.06,3.21,3.03,34291,45871775.0,5.98,1.66,0.05,4.06
2004-09-28,600740,3.12,3.11,3.15,3.02,20298,27229457.0,4.25,1.63,0.05,2.4
2004-09-29,600740,3.15,3.15,3.23,3.12,25884,35404709.0,3.54,1.29,0.04,3.07
2004-09-30,600740,3.15,3.08,3.2,3.04,19674,26462404.0,5.08,-2.22,-0.07,2.33
2004-10-08,600740,3.1,3.36,3.38,2.95,55557,75630121.0,13.96,9.09,0.28,6.58
2004-10-11,600740,3.41,3.32,3.53,3.28,72306,104865835.0,7.44,-1.19,-0.04,8.56
2004-10-12,600740,3.32,3.35,3.41,3.29,40322,57617436.0,3.61,0.9,0.03,4.78
2004-10-13,600740,3.33,3.33,3.36,3.2,33524,46931078.0,4.78,-0.6,-0.02,3.97
2004-10-14,600740,3.3,2.97,3.3,2.96,44425,59762963.0,10.21,-10.81,-0.36,5.26
2004-10-15,600740,2.92,3.09,3.1,2.92,32782,43195065.0,6.06,4.04,0.12,3.88
2004-10-18,600740,3.12,3.23,3.27,3.03,35048,47910731.0,7.77,4.53,0.14,4.15
2004-10-19,600740,3.23,3.11,3.29,3.11,31278,43107566.0,5.57,-3.72,-0.12,3.7
2004-10-20,600740,3.12,3.27,3.27,3.05,29740,40787826.0,7.07,5.14,0.16,3.52
2004-10-21,600740,3.27,3.31,3.42,3.27,53092,75610203.0,4.59,1.22,0.04,6.29
2004-10-22,600740,3.32,3.37,3.44,3.27,44371,63629124.0,5.14,1.81,0.06,5.25
2004-10-25,600740,3.42,3.38,3.48,3.37,35933,52166703.0,3.26,0.3,0.01,4.26
2004-10-26,600740,3.38,3.36,3.4,3.26,24694,35008649.0,4.14,-0.59,-0.02,2.92
2004-10-27,600740,3.36,3.22,3.36,3.15,51580,71188457.0,6.25,-4.17,-0.14,6.11
2004-10-28,600740,3.21,3.2,3.3,3.14,22931,31746154.0,4.97,-0.62,-0.02,2.72
2004-10-29,600740,3.2,3.21,3.35,3.13,24464,34117397.0,6.88,0.31,0.01,2.9
2004-11-01,600740,3.18,3.02,3.21,3.01,20966,28200308.0,6.23,-5.92,-0.19,2.48
2004-11-02,600740,3.01,3.07,3.12,2.98,12082,16044761.0,4.64,1.66,0.05,1.43
2004-11-03,600740,3.08,3.27,3.28,3.08,28553,39413014.0,6.51,6.51,0.2,3.38
2004-11-04,600740,3.3,3.28,3.49,3.22,65797,94728207.0,8.26,0.31,0.01,7.79
2004-11-05,600740,3.3,3.23,3.35,3.2,20251,28121848.0,4.57,-1.52,-0.05,2.4
2004-11-08,600740,3.22,3.28,3.33,3.17,9173,12779906.0,4.95,1.55,0.05,1.09
2004-11-09,600740,3.27,3.28,3.35,3.27,6232,8776758.0,2.44,0.0,0.0,0.74
2004-11-10,600740,3.33,3.4,3.45,3.27,32659,47069348.0,5.49,3.66,0.12,3.87
2004-11-11,600740,3.43,3.34,3.47,3.34,30158,43666417.0,3.82,-1.76,-0.06,3.57
2004-11-12,600740,3.34,3.34,3.41,3.28,10743,15351792.0,3.89,0.0,0.0,1.27
2004-11-15,600740,3.34,3.4,3.42,3.34,15187,21870298.0,2.4,1.8,0.06,1.8
2004-11-16,600740,3.43,3.56,3.57,3.39,63072,93372247.0,5.29,4.71,0.16,7.47
2004-11-17,600740,3.57,3.55,3.6,3.49,23166,34612213.0,3.09,-0.28,-0.01,2.74
2004-11-18,600740,3.54,3.64,3.68,3.54,26246,40077682.0,3.94,2.54,0.09,3.11
2004-11-19,600740,3.65,3.62,3.7,3.56,23296,35342220.0,3.85,-0.55,-0.02,2.76
2004-11-22,600740,3.63,3.63,3.65,3.59,16730,25408096.0,1.66,0.28,0.01,1.98
2004-11-23,600740,3.63,3.46,3.69,3.46,23043,34160652.0,6.34,-4.68,-0.17,2.73
2004-11-24,600740,3.46,3.39,3.48,3.38,13014,18862117.0,2.89,-2.02,-0.07,1.54
2004-11-25,600740,3.4,3.46,3.49,3.4,8793,12853944.0,2.65,2.06,0.07,1.04
2004-11-26,600740,3.48,3.42,3.48,3.4,3791,5508493.0,2.31,-1.16,-0.04,0.45
2004-11-29,600740,3.41,3.42,3.44,3.37,5770,8345978.0,2.05,0.0,0.0,0.68
2004-11-30,600740,3.41,3.45,3.5,3.39,7048,10319039.0,3.22,0.88,0.03,0.83
2004-12-01,600740,3.48,3.54,3.6,3.45,13305,19915756.0,4.35,2.61,0.09,1.58
2004-12-02,600740,3.49,3.51,3.55,3.47,6292,9295139.0,2.26,-0.85,-0.03,0.75
2004-12-03,600740,3.48,3.31,3.54,3.27,20848,29891109.0,7.69,-5.7,-0.2,2.47
2004-12-06,600740,3.31,3.27,3.33,3.19,11425,15971317.0,4.23,-1.21,-0.04,1.35
2004-12-07,600740,3.27,3.26,3.32,3.24,5826,8142840.0,2.45,-0.31,-0.01,0.69
2004-12-08,600740,3.31,3.27,3.34,3.24,3270,4572678.0,3.07,0.31,0.01,0.39
2004-12-09,600740,3.27,3.3,3.36,3.21,8745,12335177.0,4.59,0.92,0.03,1.04
2004-12-10,600740,3.27,3.17,3.3,3.14,8322,11461467.0,4.85,-3.94,-0.13,0.99
2004-12-13,600740,3.15,3.11,3.15,3.06,9810,13134139.0,2.84,-1.89,-0.06,1.16
2004-12-14,600740,3.12,3.2,3.24,3.11,7986,10965507.0,4.18,2.89,0.09,0.95
2004-12-15,600740,3.22,3.27,3.27,3.2,7212,10008367.0,2.19,2.19,0.07,0.85
2004-12-16,600740,3.27,3.19,3.28,3.19,3766,5221099.0,2.75,-2.45,-0.08,0.45
2004-12-17,600740,3.2,3.19,3.23,3.16,6384,8796118.0,2.19,0.0,0.0,0.76
2004-12-20,600740,3.13,3.1,3.16,3.1,4552,6167105.0,1.88,-2.82,-0.09,0.54
2004-12-21,600740,3.09,3.11,3.16,3.09,3540,4768270.0,2.26,0.32,0.01,0.42
2004-12-22,600740,3.11,3.2,3.21,3.11,12627,17269620.0,3.22,2.89,0.09,1.5
2004-12-23,600740,3.2,3.16,3.23,3.15,5300,7222747.0,2.5,-1.25,-0.04,0.63
2004-12-24,600740,3.2,3.19,3.26,3.18,4416,6091081.0,2.53,0.95,0.03,0.52
2004-12-27,600740,3.18,3.15,3.19,3.14,4099,5565514.0,1.57,-1.25,-0.04,0.49
2004-12-28,600740,3.13,3.12,3.13,2.98,7746,10316152.0,4.76,-0.95,-0.03,0.92
2004-12-29,600740,3.09,3.05,3.11,3.05,3608,4803888.0,1.92,-2.24,-0.07,0.43
2004-12-30,600740,3.14,3.09,3.14,3.05,5243,7010541.0,2.95,1.31,0.04,0.62
2004-12-31,600740,3.12,3.09,3.12,3.04,3714,4946737.0,2.59,0.0,0.0,0.44
2005-01-04,600740,3.06,2.97,3.07,2.95,5168,6752189.0,3.88,-3.88,-0.12,0.61
2005-01-05,600740,2.98,2.91,3.01,2.9,8676,11198796.0,3.7,-2.02,-0.06,1.03
2005-01-06,600740,2.91,2.79,2.93,2.77,9396,11708786.0,5.5,-4.12,-0.12,1.11
2005-01-07,600740,2.77,2.51,2.83,2.49,20906,24550713.0,12.19,-10.04,-0.28,2.48
2005-01-10,600740,2.51,2.58,2.59,2.48,17283,19897331.0,4.38,2.79,0.07,2.05
2005-01-11,600740,2.59,2.54,2.6,2.53,13759,15872213.0,2.71,-1.55,-0.04,1.63
2005-01-12,600740,2.54,2.6,2.6,2.53,13379,15467619.0,2.76,2.36,0.06,1.58
2005-01-13,600740,2.59,2.66,2.67,2.58,11003,13022595.0,3.46,2.31,0.06,1.3
2005-01-14,600740,2.66,2.58,2.68,2.57,7941,9378034.0,4.14,-3.01,-0.08,0.94
2005-01-17,600740,2.55,2.51,2.55,2.47,9354,10670127.0,3.1,-2.71,-0.07,1.11
2005-01-18,600740,2.52,2.46,2.53,2.36,10897,12159219.0,6.77,-1.99,-0.05,1.29
2005-01-19,600740,2.43,2.38,2.46,2.36,9098,10059315.0,4.07,-3.25,-0.08,1.08
2005-01-20,600740,2.33,2.38,2.44,2.33,5272,5794207.0,4.62,0.0,0.0,0.62
2005-01-21,600740,2.37,2.61,2.65,2.37,15179,17468544.0,11.76,9.66,0.23,1.8
2005-01-24,600740,2.69,2.73,2.77,2.68,21266,25849574.0,3.45,4.6,0.12,2.52
2005-01-25,600740,2.7,2.78,2.79,2.59,17037,20693269.0,7.33,1.83,0.05,2.02
2005-01-26,600740,2.77,2.68,2.77,2.67,8577,10420671.0,3.6,-3.6,-0.1,1.02
2005-01-27,600740,2.56,2.53,2.61,2.33,12968,14910591.0,10.45,-5.6,-0.15,1.54
2005-01-28,600740,2.5,2.51,2.52,2.4,11815,13330014.0,4.74,-0.79,-0.02,1.4
2005-01-31,600740,2.5,2.49,2.56,2.43,4765,5427415.0,5.18,-0.8,-0.02,0.56
2005-02-01,600740,2.5,2.53,2.56,2.5,4840,5569358.0,2.41,1.61,0.04,0.57
2005-02-02,600740,2.54,2.76,2.77,2.52,16835,20183078.0,9.88,9.09,0.23,1.99
2005-02-03,600740,2.75,2.75,2.82,2.7,17345,21256514.0,4.35,-0.36,-0.01,2.05
2005-02-04,600740,2.76,2.78,2.78,2.65,18031,21910353.0,4.73,1.09,0.03,2.14
2005-02-16,600740,2.78,2.75,2.81,2.73,11757,14457473.0,2.88,-1.08,-0.03,1.39
2005-02-17,600740,2.74,2.69,2.74,2.65,8190,9805553.0,3.27,-2.18,-0.06,0.97
2005-02-18,600740,2.68,2.69,2.77,2.65,9213,11128930.0,4.46,0.0,0.0,1.09
2005-02-21,600740,2.68,2.69,2.7,2.62,14986,17869297.0,2.97,0.0,0.0,1.77
2005-02-22,600740,2.77,2.87,2.9,2.72,22844,28409038.0,6.69,6.69,0.18,2.71
2005-02-23,600740,2.86,2.86,2.91,2.82,13891,17519033.0,3.14,-0.35,-0.01,1.65
2005-02-24,600740,2.83,2.85,2.86,2.81,7566,9469537.0,1.75,-0.35,-0.01,0.9
2005-02-25,600740,2.86,2.96,3.01,2.85,22629,29275314.0,5.61,3.86,0.11,2.68
2005-02-28,600740,2.96,2.93,2.98,2.92,9162,11828235.0,2.03,-1.01,-0.03,1.08
2005-03-01,600740,2.91,2.92,2.97,2.91,6551,8415615.0,2.05,-0.34,-0.01,0.78
2005-03-02,600740,2.94,2.85,2.99,2.84,10136,12972937.0,5.14,-2.4,-0.07,1.2
2005-03-03,600740,2.82,2.87,2.88,2.78,5859,7317667.0,3.51,0.7,0.02,0.69
2005-03-04,600740,2.86,2.83,2.86,2.78,6647,8288541.0,2.79,-1.39,-0.04,0.79
2005-03-07,600740,2.83,2.8,2.85,2.76,4276,5300628.0,3.18,-1.06,-0.03,0.51
2005-03-08,600740,2.8,2.92,2.92,2.8,12344,15663941.0,4.29,4.29,0.12,1.46
2005-03-10,600740,2.89,2.75,2.89,2.73,14328,17716608.0,5.48,-5.82,-0.17,1.7
2005-03-11,600740,2.75,2.66,2.79,2.65,25024,30092315.0,5.09,-3.27,-0.09,2.96
2005-03-14,600740,2.67,2.89,2.95,2.65,26044,32479187.0,11.28,8.65,0.23,3.08
2005-03-15,600740,2.89,2.89,2.97,2.85,26680,34177207.0,4.15,0.0,0.0,3.16
2005-03-16,600740,2.9,2.77,2.93,2.75,10176,12659982.0,6.23,-4.15,-0.12,1.21
2005-03-17,600740,2.77,2.69,2.84,2.68,11706,14355431.0,5.78,-2.89,-0.08,1.39
2005-03-18,600740,2.68,2.52,2.73,2.49,20185,23445947.0,8.92,-6.32,-0.17,2.39
2005-03-21,600740,2.53,2.53,2.59,2.49,10307,11838662.0,3.97,0.4,0.01,1.22
2005-03-22,600740,2.54,2.5,2.58,2.44,9954,11335003.0,5.53,-1.19,-0.03,1.18
2005-03-23,600740,2.45,2.46,2.52,2.36,22685,25308377.0,6.4,-1.6,-0.04,2.69
2005-03-24,600740,2.44,2.51,2.52,2.42,6965,7866050.0,4.07,2.03,0.05,0.82
2005-03-25,600740,2.54,2.53,2.62,2.52,14741,17138748.0,3.98,0.8,0.02,1.75
2005-03-28,600740,2.55,2.62,2.64,2.55,13775,16161515.0,3.56,3.56,0.09,1.63
2005-03-29,600740,2.64,2.57,2.68,2.56,9350,11096656.0,4.58,-1.91,-0.05,1.11
2005-03-30,600740,2.57,2.57,2.62,2.5,7247,8382233.0,4.67,0.0,0.0,0.86
2005-03-31,600740,2.56,2.59,2.59,2.53,5435,6312311.0,2.33,0.78,0.02,0.64
2005-04-01,600740,2.6,2.76,2.8,2.56,23013,27779275.0,9.27,6.56,0.17,2.73
2005-04-04,600740,2.72,2.65,2.73,2.62,14686,17572785.0,3.99,-3.99,-0.11,1.74
2005-04-05,600740,2.64,2.63,2.71,2.61,6148,7337227.0,3.77,-0.75,-0.02,0.73
2005-04-06,600740,2.62,2.77,2.79,2.61,18753,22836405.0,6.84,5.32,0.14,2.22
2005-04-07,600740,2.78,2.77,2.88,2.75,22805,28442756.0,4.69,0.0,0.0,2.7
2005-04-08,600740,2.75,2.82,2.83,2.73,17944,22178634.0,3.61,1.81,0.05,2.13
2005-04-11,600740,2.82,2.82,2.84,2.74,19097,23569733.0,3.55,0.0,0.0,2.26
2005-04-12,600740,2.83,2.73,2.86,2.73,20364,25148688.0,4.61,-3.19,-0.09,2.41
2005-04-13,600740,2.75,2.81,2.86,2.75,21361,26637914.0,4.03,2.93,0.08,2.53
2005-04-14,600740,2.81,2.7,2.84,2.68,15409,18857585.0,5.69,-3.91,-0.11,1.82
2005-04-15,600740,2.7,2.64,2.7,2.63,9609,11451240.0,2.59,-2.22,-0.06,1.14
2005-04-18,600740,2.62,2.65,2.68,2.61,5647,6716163.0,2.65,0.38,0.01,0.67
2005-04-19,600740,2.66,2.68,2.72,2.66,7511,9020808.0,2.26,1.13,0.03,0.89
2005-04-20,600740,2.71,2.68,2.73,2.65,3508,4126611.0,2.99,0.0,0.0,0.42
2005-04-21,600740,2.65,2.71,2.72,2.65,4938,5852956.0,2.61,1.12,0.03,0.58
2005-04-22,600740,2.73,2.81,2.85,2.72,18322,22320279.0,4.8,3.69,0.1,2.17
2005-04-25,600740,2.8,2.76,2.84,2.68,14298,17218815.0,5.69,-1.78,-0.05,1.69
2005-04-26,600740,2.76,2.8,2.84,2.71,17658,21504210.0,4.71,1.45,0.04,2.09
2005-04-27,600740,2.81,2.69,2.83,2.67,16020,19069614.0,5.71,-3.93,-0.11,1.9
2005-04-28,600740,2.68,2.64,2.68,2.55,25082,29137893.0,4.83,-1.86,-0.05,2.97
2005-04-29,600740,2.67,2.55,2.67,2.55,18831,21651382.0,4.55,-3.41,-0.09,2.23
2005-05-09,600740,2.53,2.44,2.55,2.43,9776,10814245.0,4.71,-4.31,-0.11,1.16
2005-05-10,600740,2.44,2.31,2.44,2.11,17983,18787887.0,13.52,-5.33,-0.13,2.13
2005-05-11,600740,2.31,2.22,2.31,2.21,8165,8458974.0,4.33,-3.9,-0.09,0.97
2005-05-12,600740,2.21,2.23,2.28,2.18,5092,5241978.0,4.5,0.45,0.01,0.6
2005-05-13,600740,2.23,2.28,2.29,2.2,6883,7130644.0,4.04,2.24,0.05,0.82
2005-05-16,600740,2.26,2.0,2.26,1.97,19001,18468838.0,12.72,-12.28,-0.28,2.25
2005-05-17,600740,2.0,1.95,2.02,1.88,10796,10120715.0,7.0,-2.5,-0.05,1.28
2005-05-18,600740,1.95,1.99,2.01,1.94,7124,6708092.0,3.59,2.05,0.04,0.84
2005-05-19,600740,1.99,2.0,2.02,1.96,5942,5630400.0,3.02,0.5,0.01,0.7
2005-05-20,600740,2.0,2.05,2.11,2.0,11504,11182398.0,5.5,2.5,0.05,1.36
2005-05-23,600740,2.03,1.97,2.03,1.94,7633,7194261.0,4.39,-3.9,-0.08,0.9
2005-05-24,600740,1.97,1.94,1.97,1.88,10562,9762991.0,4.57,-1.52,-0.03,1.25
2005-05-25,600740,1.94,1.92,1.95,1.89,7580,7003311.0,3.09,-1.03,-0.02,0.9
2005-05-26,600740,1.92,1.88,1.94,1.88,7751,7112774.0,3.13,-2.08,-0.04,0.92
2005-05-27,600740,1.86,1.75,1.88,1.73,17141,15231676.0,7.98,-6.91,-0.13,2.03
2005-05-30,600740,1.73,1.77,1.8,1.69,10084,8673733.0,6.29,1.14,0.02,1.19
2005-05-31,600740,1.78,1.76,1.8,1.75,7880,6884553.0,2.82,-0.56,-0.01,0.93
2005-06-01,600740,1.76,1.59,1.76,1.56,29148,23919089.0,11.36,-9.66,-0.17,3.45
2005-06-02,600740,1.56,1.51,1.57,1.5,15654,12333564.0,4.4,-5.03,-0.08,1.85
2005-06-03,600740,1.51,1.5,1.53,1.44,16462,12772416.0,5.96,-0.66,-0.01,1.95
2005-06-06,600740,1.5,1.61,1.62,1.41,24493,19384705.0,14.0,7.33,0.11,2.9
2005-06-07,600740,1.62,1.6,1.69,1.58,35097,29058213.0,6.83,-0.62,-0.01,4.16
2005-06-08,600740,1.59,1.84,1.84,1.57,52964,46507562.0,16.88,15.0,0.24,6.27
2005-06-09,600740,1.88,1.98,2.02,1.85,69411,64614147.0,9.24,7.61,0.14,8.22
2005-06-10,600740,1.96,1.88,1.97,1.85,31233,28642514.0,6.06,-5.05,-0.1,3.7
2005-06-13,600740,1.88,1.8,1.9,1.72,28169,24890218.0,9.57,-4.26,-0.08,3.34
2005-06-14,600740,1.82,1.73,1.83,1.72,17696,15509251.0,6.11,-3.89,-0.07,2.1
2005-06-15,600740,1.72,1.61,1.72,1.59,20934,17210217.0,7.51,-6.94,-0.12,2.48
2005-06-16,600740,1.62,1.7,1.7,1.61,17351,14464051.0,5.59,5.59,0.09,2.05
2005-06-17,600740,1.76,1.75,1.84,1.7,39580,34733405.0,8.24,2.94,0.05,4.69
2005-06-20,600740,1.75,1.83,1.84,1.62,40235,35045820.0,12.57,4.57,0.08,4.76
2005-06-21,600740,1.83,1.82,1.88,1.78,26241,23346149.0,5.46,-0.55,-0.01,3.11
2005-06-22,600740,1.82,1.84,1.88,1.75,30962,27585980.0,7.14,1.1,0.02,3.67
2005-06-23,600740,1.82,1.82,1.86,1.78,19383,17232426.0,4.35,-1.09,-0.02,2.3
2005-06-24,600740,1.79,1.79,1.81,1.75,9407,8239310.0,3.3,-1.65,-0.03,1.11
2005-06-27,600740,1.79,1.85,1.89,1.79,35573,32159416.0,5.59,3.35,0.06,4.21
2005-06-28,600740,1.82,1.77,1.82,1.76,16458,14423941.0,3.24,-4.32,-0.08,1.95
2005-06-29,600740,1.77,1.69,1.79,1.68,28428,24351336.0,6.21,-4.52,-0.08,3.37
2005-06-30,600740,1.69,1.61,1.7,1.61,18330,15195912.0,5.33,-4.73,-0.08,2.17
2005-07-01,600740,1.6,1.56,1.61,1.55,18323,14721201.0,3.73,-3.11,-0.05,2.17
2005-07-04,600740,1.48,1.56,1.56,1.47,8079,6355784.0,5.77,0.0,0.0,0.96
2005-07-05,600740,1.57,1.51,1.57,1.5,7413,5856477.0,4.49,-3.21,-0.05,0.88
2005-07-06,600740,1.53,1.52,1.56,1.51,5352,4215543.0,3.31,0.66,0.01,0.63
2005-07-07,600740,1.53,1.55,1.57,1.52,6577,5233338.0,3.29,1.97,0.03,0.78
2005-07-08,600740,1.55,1.48,1.55,1.47,7221,5611492.0,5.16,-4.52,-0.07,0.86
2005-07-11,600740,1.53,1.37,1.56,1.36,12801,9792682.0,13.51,-7.43,-0.11,1.52
2005-07-12,600740,1.36,1.41,1.43,1.3,19876,14639040.0,9.49,2.92,0.04,2.35
2005-07-13,600740,1.41,1.38,1.42,1.36,11561,8582368.0,4.26,-2.13,-0.03,1.37
2005-07-14,600740,1.39,1.35,1.39,1.33,12384,9079770.0,4.35,-2.17,-0.03,1.47
2005-07-18,600740,1.31,1.22,1.31,1.2,19755,13602155.0,8.15,-9.63,-0.13,2.34
2005-07-19,600740,1.21,1.23,1.25,1.2,8740,6015884.0,4.1,0.82,0.01,1.04
2005-07-20,600740,1.24,1.25,1.26,1.21,7510,5202838.0,4.07,1.63,0.02,0.89
2005-07-21,600740,1.26,1.27,1.28,1.23,12756,8900492.0,4.0,1.6,0.02,1.51
2005-07-22,600740,1.27,1.3,1.33,1.24,21673,15449936.0,7.09,2.36,0.03,2.57
2005-07-25,600740,1.29,1.28,1.3,1.28,9655,6841242.0,1.54,-1.54,-0.02,1.14
2005-07-26,600740,1.31,1.48,1.49,1.3,53856,40991163.0,14.84,15.63,0.2,6.38
2005-07-27,600740,1.47,1.51,1.52,1.43,46263,35773969.0,6.08,2.03,0.03,5.48
2005-07-28,600740,1.49,1.44,1.5,1.44,38403,29588116.0,3.97,-4.64,-0.07,4.55
2005-07-29,600740,1.44,1.47,1.51,1.42,23822,18437211.0,6.25,2.08,0.03,2.82
2005-08-01,600740,1.47,1.49,1.51,1.47,15943,12387076.0,2.72,1.36,0.02,1.89
2005-08-02,600740,1.5,1.57,1.58,1.5,36690,29267299.0,5.37,5.37,0.08,4.35
2005-08-03,600740,1.57,1.57,1.6,1.54,36560,29384887.0,3.82,0.0,0.0,4.33
2005-08-04,600740,1.56,1.51,1.56,1.51,20490,16218278.0,3.18,-3.82,-0.06,2.43
2005-08-05,600740,1.5,1.61,1.62,1.5,34171,27626434.0,7.95,6.62,0.1,4.05
2005-08-08,600740,1.61,1.62,1.64,1.59,33086,27131566.0,3.11,0.62,0.01,3.92
2005-08-09,600740,1.62,1.63,1.64,1.59,23266,19022109.0,3.09,0.62,0.01,2.76
2005-08-10,600740,1.63,1.62,1.65,1.59,26488,21777129.0,3.68,-0.61,-0.01,3.14
2005-08-11,600740,1.63,1.72,1.73,1.63,45107,38157234.0,6.17,6.17,0.1,5.34
2005-08-12,600740,1.72,1.64,1.73,1.62,42464,35670914.0,6.4,-4.65,-0.08,5.03
2005-08-15,600740,1.53,1.5,1.55,1.4,104952,80425984.0,9.15,-8.54,-0.14,12.43
2005-08-16,600740,1.49,1.42,1.49,1.41,67566,51436519.0,5.33,-5.33,-0.08,8.0
2005-08-17,600740,1.41,1.38,1.41,1.33,56184,41272882.0,5.63,-2.82,-0.04,6.65
2005-08-18,600740,1.38,1.34,1.43,1.33,46054,34342368.0,7.25,-2.9,-0.04,5.45
2005-08-19,600740,1.33,1.34,1.36,1.29,29598,21334742.0,5.22,0.0,0.0,3.51
2005-08-22,600740,1.34,1.39,1.39,1.3,22261,16359509.0,6.72,3.73,0.05,2.64
2005-08-23,600740,1.39,1.34,1.39,1.33,14874,10867604.0,4.32,-3.6,-0.05,1.76
2005-08-24,600740,1.33,1.36,1.37,1.33,14352,10516302.0,2.99,1.49,0.02,1.7
2005-08-25,600740,1.36,1.33,1.38,1.31,23606,17187036.0,5.15,-2.21,-0.03,2.8
2005-08-26,600740,1.33,1.3,1.36,1.28,27145,19357674.0,6.02,-2.26,-0.03,3.21
2005-08-29,600740,1.29,1.25,1.29,1.23,21011,14675409.0,4.62,-3.85,-0.05,2.49
2005-08-30,600740,1.24,1.32,1.33,1.23,28609,20489873.0,8.0,5.6,0.07,3.39
2005-08-31,600740,1.32,1.34,1.34,1.3,21776,15740675.0,3.03,1.52,0.02,2.58
2005-09-01,600740,1.34,1.36,1.37,1.31,31049,22620598.0,4.48,1.49,0.02,3.68
2005-09-02,600740,1.36,1.36,1.37,1.34,20814,15228934.0,2.21,0.0,0.0,2.46
2005-09-05,600740,1.36,1.44,1.44,1.36,50164,37744058.0,5.88,5.88,0.08,5.94
2005-09-06,600740,1.46,1.42,1.46,1.4,47379,36078879.0,4.17,-1.39,-0.02,5.61
2005-09-07,600740,1.44,1.54,1.55,1.42,83909,64705277.0,9.15,8.45,0.12,9.94
2005-09-08,600740,1.53,1.53,1.56,1.5,47002,37206113.0,3.9,-0.65,-0.01,5.57
2005-09-09,600740,1.53,1.5,1.56,1.49,24173,19011126.0,4.58,-1.96,-0.03,2.86
2005-09-12,600740,1.5,1.45,1.5,1.44,21827,16733873.0,4.0,-3.33,-0.05,2.58
2005-09-13,600740,1.45,1.51,1.51,1.45,20327,15763292.0,4.14,4.14,0.06,2.41
2005-09-14,600740,1.52,1.52,1.54,1.49,23464,18420677.0,3.31,0.66,0.01,2.78
2005-09-15,600740,1.52,1.54,1.54,1.49,27515,21723046.0,3.29,1.32,0.02,3.26
2005-09-16,600740,1.54,1.56,1.59,1.52,26995,21646767.0,4.55,1.3,0.02,3.2
2005-09-19,600740,1.56,1.59,1.6,1.55,27326,22147347.0,3.21,1.92,0.03,3.24
2005-09-20,600740,1.59,1.51,1.59,1.48,36783,29003104.0,6.92,-5.03,-0.08,4.36
2005-09-21,600740,1.51,1.44,1.51,1.44,26210,20117802.0,4.64,-4.64,-0.07,3.1
2005-09-22,600740,1.44,1.38,1.49,1.33,29081,22050840.0,11.11,-4.17,-0.06,3.44
2005-09-23,600740,1.39,1.34,1.4,1.34,15803,11582188.0,4.35,-2.9,-0.04,1.87
2005-09-26,600740,1.34,1.36,1.36,1.32,7882,5724884.0,2.99,1.49,0.02,0.93
2005-09-27,600740,1.37,1.35,1.4,1.33,11921,8779855.0,5.15,-0.74,-0.01,1.41
2005-09-28,600740,1.35,1.34,1.37,1.33,5955,4352370.0,2.96,-0.74,-0.01,0.71
2005-09-29,600740,1.34,1.36,1.37,1.34,10519,7696121.0,2.24,1.49,0.02,1.25
2005-09-30,600740,1.36,1.34,1.37,1.33,9771,7126831.0,2.94,-1.47,-0.02,1.16
2005-10-10,600740,1.34,1.28,1.35,1.28,7301,5213286.0,5.22,-4.48,-0.06,0.86
2005-10-11,600740,1.26,1.31,1.31,1.26,9544,6788070.0,3.91,2.34,0.03,1.13
2005-10-12,600740,1.32,1.51,1.53,1.32,68915,53285868.0,16.03,15.27,0.2,8.16
2005-10-13,600740,1.56,1.57,1.66,1.53,123037,99718350.0,8.61,3.97,0.06,14.57
2005-10-14,600740,1.57,1.57,1.63,1.57,63615,51766937.0,3.82,0.0,0.0,7.53
2005-10-17,600740,1.55,1.51,1.55,1.44,56399,43879363.0,7.01,-3.82,-0.06,6.68
2005-10-18,600740,1.51,1.57,1.58,1.46,42440,33618537.0,7.95,3.97,0.06,5.03
2005-10-19,600740,1.57,1.48,1.57,1.47,38795,30544789.0,6.37,-5.73,-0.09,4.59
2005-10-20,600740,1.47,1.41,1.47,1.37,33487,25122618.0,6.76,-4.73,-0.07,3.97
2005-10-21,600740,1.41,1.42,1.45,1.36,19871,14878669.0,6.38,0.71,0.01,2.35
2005-10-24,600740,1.41,1.41,1.42,1.37,12608,9419348.0,3.52,-0.7,-0.01,1.49
2005-10-25,600740,1.41,1.35,1.41,1.34,14204,10499150.0,4.96,-4.26,-0.06,1.68
2005-10-26,600740,1.34,1.36,1.4,1.33,13574,9980190.0,5.19,0.74,0.01,1.61
2005-10-27,600740,1.36,1.28,1.36,1.25,32330,22996156.0,8.09,-5.88,-0.08,3.83
2005-10-28,600740,1.27,1.29,1.31,1.26,22278,15762037.0,3.91,0.78,0.01,2.64
2005-10-31,600740,1.28,1.3,1.33,1.27,16924,12095980.0,4.65,0.78,0.01,2.0
2005-11-01,600740,1.31,1.36,1.36,1.28,16282,11732151.0,6.15,4.62,0.06,1.93
2005-11-02,600740,1.36,1.41,1.41,1.35,21510,15925040.0,4.41,3.68,0.05,2.55
2005-11-03,600740,1.41,1.41,1.46,1.37,27579,20812728.0,6.38,0.0,0.0,3.27
2005-11-04,600740,1.41,1.36,1.41,1.33,16166,11852259.0,5.67,-3.55,-0.05,1.91
2005-11-07,600740,1.36,1.33,1.37,1.3,11808,8498249.0,5.15,-2.21,-0.03,1.4
2005-11-08,600740,1.32,1.35,1.36,1.31,8715,6323463.0,3.76,1.5,0.02,1.03
2005-11-09,600740,1.35,1.33,1.36,1.32,9441,6866122.0,2.96,-1.48,-0.02,1.12
2005-11-10,600740,1.31,1.27,1.31,1.26,15869,11234511.0,3.76,-4.51,-0.06,1.88
2005-11-11,600740,1.25,1.31,1.33,1.25,10705,7625978.0,6.3,3.15,0.04,1.27
2005-11-14,600740,1.31,1.31,1.33,1.28,5976,4276122.0,3.82,0.0,0.0,0.71
2005-11-15,600740,1.31,1.29,1.33,1.28,7823,5548201.0,3.82,-1.53,-0.02,0.93
2005-11-16,600740,1.29,1.29,1.3,1.25,12502,8763952.0,3.88,0.0,0.0,1.48
2005-11-17,600740,1.3,1.28,1.3,1.26,5932,4189383.0,3.1,-0.78,-0.01,0.7
2005-11-18,600740,1.28,1.33,1.35,1.26,17532,12632259.0,7.03,3.91,0.05,2.08
2005-11-21,600740,1.33,1.32,1.35,1.31,10365,7491850.0,3.01,-0.75,-0.01,1.23
2005-11-22,600740,1.32,1.28,1.33,1.28,8383,5967007.0,3.79,-3.03,-0.04,0.99
2005-11-23,600740,1.28,1.29,1.3,1.27,4834,3428382.0,2.34,0.78,0.01,0.57
2005-11-24,600740,1.29,1.31,1.32,1.29,7195,5152224.0,2.33,1.55,0.02,0.85
2005-11-25,600740,1.31,1.3,1.31,1.28,8434,5972766.0,2.29,-0.76,-0.01,1.0
2005-11-28,600740,1.29,1.28,1.3,1.28,5700,4034603.0,1.54,-1.54,-0.02,0.68
2005-11-29,600740,1.29,1.26,1.29,1.26,7155,5032309.0,2.34,-1.56,-0.02,0.85
2005-11-30,600740,1.26,1.26,1.28,1.25,9467,6617369.0,2.38,0.0,0.0,1.12
2005-12-01,600740,1.26,1.27,1.28,1.25,3969,2783942.0,2.38,0.79,0.01,0.47
2005-12-02,600740,1.27,1.21,1.27,1.21,13387,9224601.0,4.72,-4.72,-0.06,1.59
2005-12-05,600740,1.21,1.01,1.21,1.01,28038,17566080.0,16.53,-16.53,-0.2,3.32
2005-12-06,600740,0.96,0.96,0.97,0.89,24736,14594667.0,7.92,-4.95,-0.05,2.93
2005-12-07,600740,0.94,0.95,0.96,0.91,12327,7269278.0,5.21,-1.04,-0.01,1.46
2005-12-08,600740,0.95,0.96,1.0,0.95,11467,6916051.0,5.26,1.05,0.01,1.36
2005-12-09,600740,0.96,0.98,0.98,0.94,11034,6595309.0,4.17,2.08,0.02,1.31
2005-12-12,600740,0.99,1.01,1.03,0.99,14187,8729893.0,4.08,3.06,0.03,1.68
2005-12-13,600740,1.01,1.0,1.01,0.97,10397,6304112.0,3.96,-0.99,-0.01,1.23
2005-12-14,600740,0.99,1.02,1.03,0.97,12559,7685736.0,6.0,2.0,0.02,1.49
2005-12-15,600740,1.01,0.99,1.04,0.99,9506,5857241.0,4.9,-2.94,-0.03,1.13
2005-12-16,600740,0.99,1.0,1.0,0.97,7479,4548971.0,3.03,1.01,0.01,0.89
2005-12-19,600740,1.0,1.01,1.03,0.98,7411,4562462.0,5.0,1.0,0.01,0.88
2005-12-20,600740,1.0,1.04,1.04,1.0,16744,10410417.0,3.96,2.97,0.03,1.98
2005-12-21,600740,1.08,1.08,1.17,1.05,43567,28202111.0,11.54,3.85,0.04,5.16
2005-12-22,600740,1.06,1.06,1.08,1.04,13969,8800217.0,3.7,-1.85,-0.02,1.65
2005-12-23,600740,1.07,1.07,1.08,1.05,13038,8235572.0,2.83,0.94,0.01,1.54
2005-12-26,600740,1.07,1.1,1.12,1.05,21134,13612804.0,6.54,2.8,0.03,2.5
2005-12-27,600740,1.11,1.08,1.11,1.08,8538,5487317.0,2.73,-1.82,-0.02,1.01
2005-12-28,600740,1.07,1.08,1.1,1.06,6566,4179212.0,3.7,0.0,0.0,0.78
2005-12-29,600740,1.07,1.1,1.11,1.06,13851,8913067.0,4.63,1.85,0.02,1.64
2005-12-30,600740,1.1,1.07,1.12,1.06,9208,5878952.0,5.45,-2.73,-0.03,1.09
2006-01-04,600740,1.07,1.08,1.08,1.06,18250,11588349.0,1.87,0.93,0.01,2.16
2006-01-05,600740,1.07,1.09,1.09,1.07,13745,8813061.0,1.85,0.93,0.01,1.63
2006-01-06,600740,1.1,1.17,1.2,1.1,43170,28839477.0,9.17,7.34,0.08,5.11
2006-01-09,600740,1.17,1.17,1.18,1.14,16611,11063195.0,3.42,0.0,0.0,1.97
2006-01-10,600740,1.17,1.16,1.18,1.13,14769,9771461.0,4.27,-0.85,-0.01,1.75
2006-01-11,600740,1.15,1.14,1.17,1.13,16646,11061133.0,3.45,-1.72,-0.02,1.97
2006-01-12,600740,1.14,1.17,1.17,1.13,12264,8133702.0,3.51,2.63,0.03,1.45
2006-01-13,600740,1.17,1.14,1.18,1.14,12627,8355993.0,3.42,-2.56,-0.03,1.5
2006-01-16,600740,1.14,1.1,1.15,1.1,12676,8333463.0,4.39,-3.51,-0.04,1.5
2006-01-17,600740,1.09,1.08,1.1,1.07,10213,6521022.0,2.73,-1.82,-0.02,1.21
2006-01-18,600740,1.08,1.11,1.12,1.08,10211,6608367.0,3.7,2.78,0.03,1.21
2006-01-19,600740,1.12,1.14,1.16,1.12,15734,10390568.0,3.6,2.7,0.03,1.86
2006-01-20,600740,1.15,1.19,1.21,1.15,35801,24270046.0,5.26,4.39,0.05,4.24
2006-01-23,600740,1.19,1.16,1.2,1.14,18470,12369421.0,5.04,-2.52,-0.03,2.19
2006-01-24,600740,1.17,1.36,1.36,1.16,77936,55775357.0,17.24,17.24,0.2,9.23
2006-01-25,600740,1.36,1.37,1.4,1.32,42437,31102540.0,5.88,0.74,0.01,5.03
2006-02-06,600740,1.37,1.44,1.46,1.32,33040,24594281.0,10.22,5.11,0.07,3.91
2006-02-07,600740,1.43,1.37,1.44,1.35,27542,20497249.0,6.25,-4.86,-0.07,3.26
2006-02-08,600740,1.37,1.35,1.38,1.32,16124,11774771.0,4.38,-1.46,-0.02,1.91
2006-02-09,600740,1.37,1.41,1.52,1.37,47506,36375477.0,11.11,4.44,0.06,5.63
2006-02-10,600740,1.41,1.53,1.59,1.4,57557,45371857.0,13.48,8.51,0.12,6.82
2006-02-13,600740,1.53,1.55,1.56,1.44,33241,25799964.0,7.84,1.31,0.02,3.94
2006-02-14,600740,1.55,1.5,1.55,1.48,18640,14580738.0,4.52,-3.23,-0.05,2.21
2006-02-15,600740,1.5,1.47,1.54,1.46,23419,18229564.0,5.33,-2.0,-0.03,2.77
2006-02-16,600740,1.47,1.35,1.48,1.33,31686,23498180.0,10.2,-8.16,-0.12,3.75
2006-02-17,600740,1.35,1.35,1.4,1.35,15188,11234173.0,3.7,0.0,0.0,1.8
2006-02-20,600740,1.35,1.33,1.38,1.31,9880,7188400.0,5.19,-1.48,-0.02,1.17
2006-02-21,600740,1.33,1.4,1.4,1.29,16449,11968024.0,8.27,5.26,0.07,1.95
2006-02-22,600740,1.39,1.38,1.41,1.37,13210,9816444.0,2.86,-1.43,-0.02,1.56
2006-02-23,600740,1.36,1.33,1.38,1.3,11291,8195173.0,5.8,-3.62,-0.05,1.34
2006-02-24,600740,1.33,1.34,1.37,1.33,8965,6529981.0,3.01,0.75,0.01,1.06
2006-02-27,600740,1.35,1.35,1.39,1.33,11620,8545682.0,4.48,0.75,0.01,1.38
2006-02-28,600740,1.35,1.32,1.36,1.28,12309,8856018.0,5.93,-2.22,-0.03,1.46
2006-03-01,600740,1.32,1.36,1.37,1.32,9482,6927258.0,3.79,3.03,0.04,1.12
2006-03-02,600740,1.37,1.3,1.38,1.28,14117,10230423.0,7.35,-4.41,-0.06,1.67
2006-03-03,600740,1.3,1.29,1.32,1.28,11308,8052033.0,3.08,-0.77,-0.01,1.34
2006-03-06,600740,1.3,1.28,1.3,1.25,10958,7726171.0,3.88,-0.78,-0.01,1.3
2006-03-07,600740,1.26,1.18,1.27,1.18,13007,8876525.0,7.03,-7.81,-0.1,1.54
2006-03-08,600740,1.18,1.17,1.18,1.13,10162,6737046.0,4.24,-0.85,-0.01,1.2
2006-03-09,600740,1.16,1.15,1.17,1.14,5783,3841188.0,2.56,-1.71,-0.02,0.68
2006-03-10,600740,1.15,1.17,1.19,1.15,4135,2770349.0,3.48,1.74,0.02,0.49
2006-03-13,600740,1.17,1.2,1.21,1.17,5266,3568255.0,3.42,2.56,0.03,0.62
2006-03-14,600740,1.21,1.2,1.22,1.19,4719,3217972.0,2.5,0.0,0.0,0.56
2006-03-15,600740,1.21,1.21,1.22,1.18,4643,3167942.0,3.33,0.83,0.01,0.55
2006-03-16,600740,1.21,1.23,1.25,1.21,6104,4212123.0,3.31,1.65,0.02,0.72
2006-03-17,600740,1.23,1.2,1.24,1.17,6122,4164953.0,5.69,-2.44,-0.03,0.72
2006-03-20,600740,1.2,1.24,1.24,1.19,9609,6572183.0,4.17,3.33,0.04,1.14
2006-03-21,600740,1.22,1.25,1.29,1.21,14368,9972789.0,6.45,0.81,0.01,1.7
2006-03-22,600740,1.25,1.29,1.3,1.24,17941,12646293.0,4.8,3.2,0.04,2.12
2006-03-23,600740,1.3,1.3,1.3,1.28,10561,7510572.0,1.55,0.78,0.01,1.25
2006-03-24,600740,1.3,1.25,1.3,1.24,9868,6917619.0,4.62,-3.85,-0.05,1.17
2006-04-06,600740,1.37,1.46,1.46,1.37,74830,57331146.0,7.2,16.8,0.21,8.86
2006-04-07,600740,1.51,1.44,1.52,1.42,47581,36497648.0,6.85,-1.37,-0.02,5.63
2006-04-10,600740,1.44,1.64,1.66,1.44,89019,71775469.0,15.28,13.89,0.2,10.54
2006-04-11,600740,1.63,1.67,1.71,1.6,51280,42813025.0,6.71,1.83,0.03,6.07
2006-04-12,600740,1.66,1.61,1.67,1.6,35788,29450302.0,4.19,-3.59,-0.06,4.24
2006-04-13,600740,1.6,1.49,1.6,1.49,57658,45561909.0,6.83,-7.45,-0.12,6.83
2006-05-10,600740,1.2,1.14,1.22,1.02,225685,147675231.0,13.42,-23.49,-0.35,20.54
2006-05-11,600740,1.11,1.16,1.22,1.02,197452,129559728.0,17.54,1.75,0.02,17.97
2006-05-12,600740,1.17,1.36,1.36,1.13,202672,138387090.0,19.83,17.24,0.2,18.45
2006-05-15,600740,1.35,1.41,1.44,1.3,176759,130972304.0,10.29,3.68,0.05,16.09
2006-05-16,600740,1.41,1.22,1.41,1.21,116901,84072238.0,14.18,-13.48,-0.19,10.64
2006-05-17,600740,1.2,1.24,1.31,1.17,63532,44082078.0,11.48,1.64,0.02,5.78
2006-05-18,600740,1.24,1.28,1.31,1.19,69895,48494040.0,9.68,3.23,0.04,6.36
2006-05-19,600740,1.28,1.4,1.45,1.26,108270,80348625.0,14.84,9.38,0.12,9.86
2006-05-22,600740,1.41,1.51,1.54,1.4,116812,89952948.0,10.0,7.86,0.11,10.63
2006-05-23,600740,1.52,1.37,1.53,1.36,65079,48857735.0,11.26,-9.27,-0.14,5.92
2006-05-24,600740,1.39,1.5,1.59,1.39,127688,98481365.0,14.6,9.49,0.13,11.62
2006-05-25,600740,1.5,1.63,1.65,1.46,118431,94872200.0,12.67,8.67,0.13,10.78
2006-05-26,600740,1.65,1.74,1.79,1.65,132951,113235842.0,8.59,6.75,0.11,12.1
2006-05-29,600740,1.77,1.74,1.84,1.68,117444,100669286.0,9.2,0.0,0.0,10.69
2006-05-30,600740,1.74,1.93,1.95,1.71,114581,101455059.0,13.79,10.92,0.19,10.43
2006-05-31,600740,1.93,1.82,1.94,1.78,78471,69878315.0,8.29,-5.7,-0.11,7.14
2006-06-01,600740,1.82,1.85,1.88,1.79,57645,51005798.0,4.95,1.65,0.03,5.25
2006-06-02,600740,1.85,1.75,1.92,1.74,102480,89619331.0,9.73,-5.41,-0.1,9.33
2006-06-05,600740,1.75,1.82,1.84,1.7,43571,37641073.0,8.0,4.0,0.07,3.97
2006-06-06,600740,1.76,1.86,1.88,1.76,57520,50909203.0,6.59,2.2,0.04,5.24
2006-06-07,600740,1.86,1.6,1.86,1.6,56412,46978191.0,13.98,-13.98,-0.26,5.14
2006-06-08,600740,1.59,1.58,1.63,1.52,65319,51756199.0,6.88,-1.25,-0.02,5.95
2006-06-09,600740,1.62,1.66,1.69,1.6,85523,70343564.0,5.7,5.06,0.08,7.79
2006-06-12,600740,1.66,1.73,1.82,1.61,51713,43845379.0,12.65,4.22,0.07,4.71
2006-06-13,600740,1.76,1.61,1.82,1.53,46064,37426600.0,16.76,-6.94,-0.12,4.19
2006-06-14,600740,1.6,1.55,1.6,1.53,16937,13354972.0,4.35,-3.73,-0.06,1.54
2006-06-15,600740,1.54,1.48,1.58,1.44,35767,27531430.0,9.03,-4.52,-0.07,3.26
2006-06-16,600740,1.48,1.59,1.62,1.48,31925,25095048.0,9.46,7.43,0.11,2.91
2006-06-19,600740,1.56,1.59,1.65,1.52,27808,22268763.0,8.18,0.0,0.0,2.53
2006-06-20,600740,1.58,1.57,1.59,1.52,24272,19152733.0,4.4,-1.26,-0.02,2.21
2006-06-21,600740,1.57,1.61,1.68,1.57,49175,40227810.0,7.01,2.55,0.04,4.48
2006-06-22,600740,1.59,1.63,1.65,1.57,24636,19878484.0,4.97,1.24,0.02,2.24
2006-06-23,600740,1.64,1.56,1.64,1.54,26437,20993194.0,6.13,-4.29,-0.07,2.41
2006-06-26,600740,1.58,1.62,1.65,1.52,34147,27331753.0,8.33,3.85,0.06,3.11
2006-06-27,600740,1.62,1.64,1.64,1.56,37574,30264199.0,4.94,1.23,0.02,3.42
2006-06-28,600740,1.65,1.7,1.76,1.65,78131,65848681.0,6.71,3.66,0.06,7.11
2006-06-29,600740,1.7,1.71,1.73,1.67,48587,40837846.0,3.53,0.59,0.01,4.42
2006-06-30,600740,1.7,1.65,1.73,1.62,61656,50929342.0,6.43,-3.51,-0.06,5.61
2006-07-03,600740,1.68,1.71,1.75,1.67,47533,40023050.0,4.85,3.64,0.06,4.33
2006-07-04,600740,1.73,1.72,1.76,1.67,43413,36747593.0,5.26,0.58,0.01,3.95
2006-07-05,600740,1.72,1.64,1.72,1.61,31925,26182430.0,6.4,-4.65,-0.08,2.91
2006-07-06,600740,1.63,1.75,1.75,1.62,41097,34379616.0,7.93,6.71,0.11,3.74
2006-07-07,600740,1.74,1.77,1.8,1.72,61741,53184428.0,4.57,1.14,0.02,5.62
2006-07-10,600740,1.77,1.75,1.82,1.73,32222,27727261.0,5.08,-1.13,-0.02,2.93
2006-07-11,600740,1.75,1.74,1.77,1.7,31609,26797967.0,4.0,-0.57,-0.01,2.88
2006-07-12,600740,1.75,1.71,1.78,1.69,48142,40864684.0,5.17,-1.72,-0.03,4.38
2006-07-13,600740,1.73,1.62,1.81,1.62,73673,62021258.0,11.11,-5.26,-0.09,6.71
2006-07-18,600740,1.75,1.73,1.8,1.67,55280,47176316.0,8.02,6.79,0.11,5.03
2006-07-19,600740,1.69,1.6,1.69,1.56,36587,29696678.0,7.51,-7.51,-0.13,3.33
2006-07-20,600740,1.61,1.6,1.64,1.56,16922,13556178.0,5.0,0.0,0.0,1.54
2006-07-21,600740,1.54,1.64,1.64,1.54,24767,19896226.0,6.25,2.5,0.04,2.25
2006-07-24,600740,1.62,1.59,1.62,1.56,15840,12680735.0,3.66,-3.05,-0.05,1.44
2006-07-25,600740,1.64,1.68,1.73,1.64,47452,39739465.0,5.66,5.66,0.09,4.32
2006-07-26,600740,1.69,1.68,1.7,1.66,16843,14023836.0,2.38,0.0,0.0,1.53
2006-07-27,600740,1.69,1.7,1.76,1.67,31915,26892058.0,5.36,1.19,0.02,2.91
2006-07-28,600740,1.7,1.65,1.72,1.64,21300,17593330.0,4.71,-2.94,-0.05,1.94
2006-07-31,600740,1.65,1.54,1.65,1.53,20044,15924548.0,7.27,-6.67,-0.11,1.82
2006-08-01,600740,1.53,1.5,1.56,1.47,16061,12448300.0,5.84,-2.6,-0.04,1.46
2006-08-02,600740,1.5,1.46,1.52,1.44,14041,10655125.0,5.33,-2.67,-0.04,1.28
2006-08-03,600740,1.46,1.45,1.49,1.44,7896,5968930.0,3.42,-0.68,-0.01,0.72
2006-08-04,600740,1.45,1.43,1.48,1.41,13823,10403332.0,4.83,-1.38,-0.02,1.26
2006-08-07,600740,1.41,1.32,1.43,1.32,14555,10505739.0,7.69,-7.69,-0.11,1.32
2006-08-08,600740,1.3,1.4,1.41,1.29,17685,12717610.0,9.09,6.06,0.08,1.61
2006-08-09,600740,1.41,1.38,1.41,1.36,12945,9435204.0,3.57,-1.43,-0.02,1.18
2006-08-10,600740,1.39,1.39,1.43,1.38,20501,15084847.0,3.62,0.72,0.01,1.87
2006-08-11,600740,1.41,1.38,1.41,1.35,12192,8906305.0,4.32,-0.72,-0.01,1.11
2006-08-14,600740,1.38,1.3,1.39,1.3,11374,8129493.0,6.52,-5.8,-0.08,1.04
2006-08-15,600740,1.29,1.33,1.34,1.28,9419,6648738.0,4.62,2.31,0.03,0.86
2006-08-16,600740,1.34,1.38,1.38,1.3,28980,20682630.0,6.02,3.76,0.05,2.64
2006-08-17,600740,1.36,1.34,1.41,1.32,11194,8049950.0,6.52,-2.9,-0.04,1.02
2006-08-18,600740,1.35,1.31,1.36,1.3,9010,6418005.0,4.48,-2.24,-0.03,0.82
2006-08-21,600740,1.27,1.29,1.3,1.24,10130,6996570.0,4.58,-1.53,-0.02,0.92
2006-08-22,600740,1.29,1.32,1.32,1.29,12129,8549839.0,2.33,2.33,0.03,1.1
2006-08-23,600740,1.34,1.34,1.37,1.33,18315,13160401.0,3.03,1.52,0.02,1.67
2006-08-24,600740,1.34,1.32,1.34,1.3,9236,6540438.0,2.99,-1.49,-0.02,0.84
2006-08-25,600740,1.33,1.32,1.34,1.29,25223,17845830.0,3.79,0.0,0.0,2.3
2006-08-28,600740,1.32,1.36,1.36,1.3,25457,18224908.0,4.55,3.03,0.04,2.32
2006-08-29,600740,1.36,1.38,1.4,1.35,30971,22650118.0,3.68,1.47,0.02,2.82
2006-08-30,600740,1.38,1.36,1.39,1.34,12871,9325732.0,3.62,-1.45,-0.02,1.17
2006-08-31,600740,1.37,1.35,1.37,1.33,17146,12293788.0,2.94,-0.74,-0.01,1.56
2006-09-01,600740,1.35,1.34,1.35,1.32,14905,10634356.0,2.22,-0.74,-0.01,1.36
2006-09-04,600740,1.34,1.39,1.39,1.33,24833,18055248.0,4.48,3.73,0.05,2.26
2006-09-05,600740,1.4,1.43,1.44,1.39,35048,25960381.0,3.6,2.88,0.04,3.19
2006-09-06,600740,1.43,1.41,1.44,1.39,15818,11728121.0,3.5,-1.4,-0.02,1.44
2006-09-07,600740,1.41,1.33,1.42,1.33,24930,17984727.0,6.38,-5.67,-0.08,2.27
2006-09-08,600740,1.34,1.33,1.34,1.32,12098,8643651.0,1.5,0.0,0.0,1.1
2006-09-11,600740,1.33,1.32,1.34,1.29,13053,9233925.0,3.76,-0.75,-0.01,1.19
2006-09-12,600740,1.32,1.32,1.33,1.31,11829,8398947.0,1.52,0.0,0.0,1.08
2006-09-13,600740,1.33,1.3,1.35,1.3,17397,12344696.0,3.79,-1.52,-0.02,1.58
2006-09-14,600740,1.3,1.28,1.32,1.27,13030,9089767.0,3.85,-1.54,-0.02,1.19
2006-09-15,600740,1.28,1.31,1.32,1.28,11530,8135998.0,3.13,2.34,0.03,1.05
2006-09-18,600740,1.32,1.35,1.36,1.31,16581,11895622.0,3.82,3.05,0.04,1.51
2006-09-19,600740,1.36,1.35,1.37,1.34,12667,9144500.0,2.22,0.0,0.0,1.15
2006-09-20,600740,1.35,1.33,1.36,1.31,12173,8671069.0,3.7,-1.48,-0.02,1.11
2006-09-21,600740,1.33,1.35,1.36,1.32,12036,8630936.0,3.01,1.5,0.02,1.1
2006-09-22,600740,1.35,1.32,1.35,1.3,10243,7268966.0,3.7,-2.22,-0.03,0.93
2006-09-25,600740,1.32,1.29,1.33,1.28,12643,8893396.0,3.79,-2.27,-0.03,1.15
2006-09-26,600740,1.28,1.24,1.3,1.23,16620,11419433.0,5.43,-3.88,-0.05,1.51
2006-09-27,600740,1.25,1.27,1.29,1.24,9899,6841651.0,4.03,2.42,0.03,0.9
2006-09-28,600740,1.29,1.27,1.3,1.26,14652,10198483.0,3.15,0.0,0.0,1.33
2006-09-29,600740,1.27,1.28,1.29,1.27,13163,9165743.0,1.57,0.79,0.01,1.2
2006-10-09,600740,1.31,1.3,1.32,1.28,16924,11851037.0,3.13,1.56,0.02,1.54
2006-10-10,600740,1.3,1.37,1.39,1.3,45368,32748918.0,6.92,5.38,0.07,4.13
2006-10-11,600740,1.38,1.42,1.43,1.35,43642,32245236.0,5.84,3.65,0.05,3.97
2006-10-12,600740,1.44,1.42,1.46,1.39,33995,25367277.0,4.93,0.0,0.0,3.09
2006-10-13,600740,1.42,1.39,1.44,1.38,23635,17431674.0,4.23,-2.11,-0.03,2.15
2006-10-16,600740,1.4,1.49,1.53,1.4,53764,41029681.0,9.35,7.19,0.1,4.89
2006-10-17,600740,1.49,1.49,1.51,1.47,23272,17892287.0,2.68,0.0,0.0,2.12
2006-10-18,600740,1.5,1.5,1.51,1.47,22639,17394832.0,2.68,0.67,0.01,2.06
2006-10-19,600740,1.5,1.5,1.54,1.48,15358,11876918.0,4.0,0.0,0.0,1.4
2006-10-20,600740,1.5,1.43,1.5,1.43,18675,14105389.0,4.67,-4.67,-0.07,1.7
2006-10-23,600740,1.42,1.38,1.46,1.36,17749,13108537.0,6.99,-3.5,-0.05,1.62
2006-10-24,600740,1.38,1.43,1.44,1.38,14017,10387888.0,4.35,3.62,0.05,1.28
2006-10-25,600740,1.44,1.44,1.44,1.41,15379,11473810.0,2.1,0.7,0.01,1.4
2006-10-26,600740,1.44,1.37,1.44,1.36,22410,16492863.0,5.56,-4.86,-0.07,2.04
2006-10-27,600740,1.36,1.31,1.38,1.3,18910,13485477.0,5.84,-4.38,-0.06,1.72
2006-10-30,600740,1.32,1.33,1.34,1.3,11739,8305107.0,3.05,1.53,0.02,1.07
2006-10-31,600740,1.33,1.35,1.37,1.32,11738,8429996.0,3.76,1.5,0.02,1.07
2006-11-01,600740,1.34,1.37,1.37,1.32,17944,12865526.0,3.7,1.48,0.02,1.63
2006-11-02,600740,1.37,1.38,1.42,1.36,19936,14641901.0,4.38,0.73,0.01,1.81
2006-11-03,600740,1.38,1.4,1.42,1.37,14729,10837230.0,3.62,1.45,0.02,1.34
2006-11-06,600740,1.38,1.38,1.38,1.35,15558,11263641.0,2.14,-1.43,-0.02,1.42
2006-11-07,600740,1.38,1.44,1.52,1.38,46898,35434056.0,10.14,4.35,0.06,4.27
2006-11-08,600740,1.43,1.37,1.43,1.37,17275,12710310.0,4.17,-4.86,-0.07,1.57
2006-11-09,600740,1.36,1.38,1.4,1.35,16705,12174847.0,3.65,0.73,0.01,1.52
2006-11-10,600740,1.38,1.34,1.41,1.34,19044,13908309.0,5.07,-2.9,-0.04,1.73
2006-11-13,600740,1.32,1.32,1.35,1.29,18282,12958230.0,4.48,-1.49,-0.02,1.66
2006-11-14,600740,1.3,1.36,1.37,1.3,17035,12163632.0,5.3,3.03,0.04,1.55
2006-11-15,600740,1.34,1.41,1.43,1.34,37327,27580493.0,6.62,3.68,0.05,3.4
2006-11-16,600740,1.41,1.37,1.44,1.36,28799,21232874.0,5.67,-2.84,-0.04,2.62
2006-11-17,600740,1.35,1.37,1.38,1.35,9848,7133364.0,2.19,0.0,0.0,0.9
2006-11-20,600740,1.37,1.32,1.37,1.31,28028,19920962.0,4.38,-3.65,-0.05,2.55
2006-11-21,600740,1.32,1.39,1.39,1.32,19409,13929218.0,5.3,5.3,0.07,1.77
2006-11-22,600740,1.38,1.39,1.4,1.35,27525,20044871.0,3.6,0.0,0.0,2.51
2006-11-23,600740,1.39,1.41,1.41,1.38,32716,24142490.0,2.16,1.44,0.02,2.98
2006-11-24,600740,1.4,1.4,1.4,1.36,19413,14181280.0,2.84,-0.71,-0.01,1.77
2006-11-27,600740,1.39,1.45,1.46,1.38,33693,25151116.0,5.71,3.57,0.05,3.07
2006-11-28,600740,1.47,1.45,1.48,1.41,36517,27502291.0,4.83,0.0,0.0,3.32
2006-11-29,600740,1.42,1.45,1.48,1.4,23643,17859195.0,5.52,0.0,0.0,2.15
2006-11-30,600740,1.45,1.49,1.51,1.45,37694,28870611.0,4.14,2.76,0.04,3.43
2006-12-01,600740,1.5,1.62,1.62,1.47,73924,58213262.0,10.07,8.72,0.13,6.73
2006-12-04,600740,1.62,1.77,1.78,1.62,133480,112169450.0,9.88,9.26,0.15,12.15
2006-12-05,600740,1.76,1.78,1.79,1.72,67204,57434032.0,3.95,0.56,0.01,6.12
2006-12-06,600740,1.78,1.69,1.78,1.57,35428,29632681.0,11.8,-5.06,-0.09,3.23
2006-12-07,600740,1.68,1.7,1.75,1.67,27729,23288525.0,4.73,0.59,0.01,2.52
2006-12-08,600740,1.68,1.58,1.7,1.57,25213,20570545.0,7.65,-7.06,-0.12,2.3
2006-12-11,600740,1.57,1.62,1.65,1.53,25554,20416601.0,7.59,2.53,0.04,2.33
2006-12-12,600740,1.65,1.63,1.7,1.62,21056,17324765.0,4.94,0.62,0.01,1.92
2006-12-13,600740,1.64,1.7,1.7,1.59,30954,25456197.0,6.75,4.29,0.07,2.82
2006-12-14,600740,1.7,1.76,1.82,1.7,59519,51294667.0,7.06,3.53,0.06,5.42
2006-12-15,600740,1.75,1.73,1.82,1.73,34133,29510084.0,5.11,-1.7,-0.03,3.11
2006-12-18,600740,1.75,1.74,1.8,1.7,46836,40152911.0,5.78,0.58,0.01,4.26
2006-12-19,600740,1.76,1.69,1.76,1.62,43098,35775284.0,8.05,-2.87,-0.05,3.92
2006-12-20,600740,1.69,1.74,1.76,1.67,24165,20516530.0,5.33,2.96,0.05,2.2
2006-12-21,600740,1.75,1.79,1.85,1.74,53208,46616938.0,6.32,2.87,0.05,4.84
2006-12-22,600740,1.81,1.9,1.94,1.81,90511,81346077.0,7.26,6.15,0.11,8.24
2006-12-25,600740,1.9,1.86,1.94,1.83,46160,41469236.0,5.79,-2.11,-0.04,4.2
2006-12-26,600740,1.86,1.76,1.88,1.76,39076,34164826.0,6.45,-5.38,-0.1,3.56
2006-12-27,600740,1.8,1.88,1.9,1.8,34873,31215101.0,5.68,6.82,0.12,3.17
2006-12-28,600740,1.87,1.79,1.91,1.77,34019,30169108.0,7.45,-4.79,-0.09,3.1
2006-12-29,600740,1.8,1.68,1.81,1.67,94077,79307940.0,7.82,-6.15,-0.11,8.56
2007-01-04,600740,1.73,1.72,1.78,1.69,75011,63665655.0,5.36,2.38,0.04,6.83
2007-01-05,600740,1.73,1.84,1.85,1.7,75592,65512488.0,8.72,6.98,0.12,6.88
2007-01-08,600740,1.93,2.1,2.1,1.93,91831,88983603.0,9.24,14.13,0.26,8.36
2007-01-09,600740,2.3,2.27,2.37,2.16,206302,212501111.0,10.0,8.1,0.17,18.78
2007-01-10,600740,2.25,2.51,2.54,2.22,167261,175565056.0,14.1,10.57,0.24,15.23
2007-01-11,600740,2.47,2.48,2.59,2.42,79808,88808093.0,6.77,-1.2,-0.03,7.27
2007-01-12,600740,2.42,2.3,2.59,2.3,55763,60621249.0,11.69,-7.26,-0.18,5.08
2007-01-15,600740,2.3,2.46,2.52,2.28,47841,51676444.0,10.43,6.96,0.16,4.36
2007-01-16,600740,2.52,2.46,2.53,2.36,52525,57085660.0,6.91,0.0,0.0,4.78
2007-01-17,600740,2.47,2.3,2.51,2.25,75310,80345604.0,10.57,-6.5,-0.16,6.86
2007-01-18,600740,2.3,2.29,2.36,2.18,42252,43494293.0,7.83,-0.43,-0.01,3.85
2007-01-19,600740,2.3,2.5,2.5,2.3,68708,73770958.0,8.73,9.17,0.21,6.25
2007-01-22,600740,2.53,2.65,2.7,2.53,71233,81576704.0,6.8,6.0,0.15,6.48
2007-01-23,600740,2.39,2.68,2.7,2.31,125463,137529248.0,14.72,1.13,0.03,11.42
2007-01-24,600740,2.67,2.62,2.79,2.61,88397,104041321.0,6.72,-2.24,-0.06,8.05
2007-01-25,600740,2.6,2.38,2.6,2.36,58800,64457915.0,9.16,-9.16,-0.24,5.35
2007-01-26,600740,2.33,2.42,2.42,2.14,49185,50657422.0,11.76,1.68,0.04,4.48
2007-01-29,600740,2.43,2.42,2.47,2.35,68166,73341259.0,4.96,0.0,0.0,6.21
2007-01-30,600740,2.43,2.41,2.49,2.33,60725,65400693.0,6.61,-0.41,-0.01,5.53
2007-01-31,600740,2.41,2.2,2.41,2.18,72496,75342180.0,9.54,-8.71,-0.21,6.6
2007-02-01,600740,2.15,2.18,2.25,2.06,69418,68802986.0,8.64,-0.91,-0.02,6.32
2007-02-02,600740,2.27,2.47,2.47,2.24,147232,158352795.0,10.55,13.3,0.29,13.4
2007-02-05,600740,2.51,2.45,2.51,2.37,52209,57171754.0,5.67,-0.81,-0.02,4.75
2007-02-06,600740,2.45,2.47,2.53,2.39,36583,40102586.0,5.71,0.82,0.02,3.33
2007-02-07,600740,2.53,2.47,2.56,2.44,47731,52759645.0,4.86,0.0,0.0,4.35
2007-02-08,600740,2.48,2.59,2.6,2.44,52677,58823264.0,6.48,4.86,0.12,4.8
2007-02-09,600740,2.59,2.49,2.6,2.46,38438,42813091.0,5.41,-3.86,-0.1,3.5
2007-02-12,600740,2.46,2.44,2.57,2.44,62986,69557259.0,5.22,-2.01,-0.05,5.73
2007-02-13,600740,2.47,2.48,2.58,2.47,60018,66601909.0,4.51,1.64,0.04,5.46
2007-02-14,600740,2.5,2.8,2.8,2.48,140490,165235872.0,12.9,12.9,0.32,12.79
2007-02-15,600740,2.8,2.81,2.83,2.71,87992,105845417.0,4.29,0.36,0.01,8.01
2007-02-16,600740,2.71,2.92,3.06,2.68,86826,108773228.0,13.52,3.91,0.11,7.9
2007-02-26,600740,2.94,3.11,3.12,2.87,61773,80070295.0,8.56,6.51,0.19,5.62
2007-02-27,600740,3.09,2.72,3.09,2.72,115600,142109173.0,11.9,-12.54,-0.39,10.52
2007-02-28,600740,2.64,2.78,2.84,2.53,62852,74179075.0,11.4,2.21,0.06,5.72
2007-03-01,600740,2.75,2.55,2.77,2.53,61459,70900548.0,8.63,-8.27,-0.23,5.59
2007-03-02,600740,2.56,2.62,2.65,2.55,26799,30733469.0,3.92,2.75,0.07,2.44
2007-03-05,600740,2.61,2.51,2.65,2.41,35840,40065091.0,9.16,-4.2,-0.11,3.26
2007-03-06,600740,2.48,2.54,2.54,2.42,25540,28281278.0,4.78,1.2,0.03,2.32
2007-03-07,600740,2.54,2.64,2.67,2.51,34032,39069159.0,6.3,3.94,0.1,3.1
2007-03-08,600740,2.65,2.68,2.71,2.62,37783,43968815.0,3.41,1.52,0.04,3.44
2007-03-12,600740,2.66,2.76,2.8,2.51,48370,55567674.0,10.82,2.99,0.08,4.4
2007-03-13,600740,2.75,2.83,2.84,2.65,72936,87325799.0,6.88,2.54,0.07,6.64
2007-03-14,600740,2.77,2.84,2.89,2.68,114872,138750937.0,7.42,0.35,0.01,10.46
2007-03-15,600740,2.92,2.86,2.94,2.83,110190,136233450.0,3.87,0.7,0.02,10.03
2007-03-16,600740,2.87,2.7,2.89,2.68,60105,71857277.0,7.34,-5.59,-0.16,5.47
2007-03-19,600740,2.55,2.67,2.7,2.52,56833,65402625.0,6.67,-1.11,-0.03,5.17
2007-03-20,600740,2.65,2.67,2.7,2.58,63415,72851591.0,4.49,0.0,0.0,5.77
2007-03-21,600740,2.67,2.62,2.69,2.6,83949,96695768.0,3.37,-1.87,-0.05,7.64
2007-03-22,600740,2.62,2.65,2.68,2.62,81838,95175138.0,2.29,1.15,0.03,7.45
2007-03-23,600740,2.66,2.76,2.76,2.65,70519,83244371.0,4.15,4.15,0.11,6.42
2007-03-26,600740,2.77,2.83,2.86,2.73,81298,98154176.0,4.71,2.54,0.07,7.4
2007-03-27,600740,2.83,2.8,2.84,2.74,70954,85492427.0,3.53,-1.06,-0.03,6.46
2007-03-28,600740,2.79,2.73,2.84,2.5,86568,102330540.0,12.14,-2.5,-0.07,7.88
2007-03-29,600740,2.71,2.6,2.79,2.59,60009,70119555.0,7.33,-4.76,-0.13,5.46
2007-03-30,600740,2.59,2.62,2.65,2.56,25083,28776237.0,3.46,0.77,0.02,2.28
2007-04-02,600740,2.62,2.74,2.74,2.62,44401,52276666.0,4.58,4.58,0.12,4.04
2007-04-03,600740,2.77,2.83,2.85,2.76,105773,128487536.0,3.28,3.28,0.09,9.63
2007-04-04,600740,2.82,2.86,2.87,2.75,96741,117806541.0,4.24,1.06,0.03,8.81
2007-04-05,600740,2.89,2.96,3.02,2.88,127263,160764809.0,4.9,3.5,0.1,11.59
2007-04-06,600740,2.93,2.98,3.06,2.91,87386,111170157.0,5.07,0.68,0.02,7.96
2007-04-09,600740,3.36,3.36,3.36,3.36,38935,54431340.0,0.0,12.75,0.38,3.54
2007-04-10,600740,3.65,3.54,3.65,3.39,265117,385087011.0,7.74,5.36,0.18,24.13
2007-04-11,600740,3.54,3.49,3.54,3.41,109357,157129414.0,3.67,-1.41,-0.05,9.96
2007-04-12,600740,3.51,3.65,3.74,3.5,121426,181226733.0,6.88,4.58,0.16,11.05
2007-04-13,600740,3.63,3.49,3.65,3.45,92778,135021196.0,5.48,-4.38,-0.16,8.45
2007-04-16,600740,3.54,3.54,3.6,3.46,76603,110607564.0,4.01,1.43,0.05,6.97
2007-04-17,600740,3.55,3.63,3.65,3.49,96948,142067904.0,4.52,2.54,0.09,8.83
2007-04-18,600740,3.67,3.76,3.89,3.64,97645,149897097.0,6.89,3.58,0.13,8.89
2007-04-19,600740,3.68,3.38,3.68,3.31,102485,147150940.0,9.84,-10.11,-0.38,9.33
2007-04-20,600740,3.45,3.64,3.67,3.42,78712,115375941.0,7.4,7.69,0.26,7.17
2007-04-23,600740,3.72,3.77,3.82,3.65,124059,188825190.0,4.67,3.57,0.13,11.29
2007-04-24,600740,3.83,3.86,4.01,3.78,120666,189427383.0,6.1,2.39,0.09,10.98
2007-04-25,600740,3.77,3.7,3.77,3.61,67443,101243340.0,4.15,-4.15,-0.16,6.14
2007-04-26,600740,3.71,3.92,3.95,3.71,89237,139502249.0,6.49,5.95,0.22,8.12
2007-04-27,600740,3.89,3.84,3.92,3.78,62535,97052172.0,3.57,-2.04,-0.08,5.69
2007-04-30,600740,3.84,3.72,3.84,3.66,90640,136946873.0,4.69,-3.13,-0.12,8.25
2007-05-08,600740,3.76,3.99,4.08,3.76,116247,183650606.0,8.6,7.26,0.27,10.58
2007-05-09,600740,3.98,4.21,4.33,3.86,123556,204585707.0,11.78,5.51,0.22,11.25
2007-05-10,600740,4.25,4.2,4.28,4.1,79842,133295972.0,4.28,-0.24,-0.01,6.65
2007-05-11,600740,4.14,4.1,4.15,3.97,56741,92347626.0,4.29,-2.38,-0.1,4.73
2007-05-14,600740,3.93,3.98,4.09,3.92,65897,105871428.0,4.15,-2.93,-0.12,5.49
2007-05-15,600740,3.98,3.69,4.04,3.69,74360,115013073.0,8.79,-7.29,-0.29,6.2
2007-05-16,600740,3.77,3.97,3.99,3.71,82017,127755110.0,7.59,7.59,0.28,6.84
2007-05-17,600740,4.01,3.99,4.09,3.98,72064,116694250.0,2.77,0.5,0.02,6.01
2007-05-18,600740,4.01,4.11,4.14,4.0,84300,137813489.0,3.51,3.01,0.12,7.03
2007-05-21,600740,3.98,4.44,4.46,3.95,144498,246811280.0,12.41,8.03,0.33,12.04
2007-05-22,600740,4.47,4.49,4.72,4.47,135510,244717188.0,5.63,1.13,0.05,11.29
2007-05-23,600740,4.46,4.51,4.54,4.37,70593,124026987.0,3.79,0.45,0.02,5.88
2007-05-24,600740,4.51,4.33,4.51,4.19,81074,138823316.0,7.1,-3.99,-0.18,6.76
2007-05-25,600740,4.28,4.32,4.42,4.21,66384,113424743.0,4.85,-0.23,-0.01,5.53
2007-05-28,600740,4.41,4.36,4.43,4.34,75440,130809192.0,2.08,0.93,0.04,6.29
2007-05-29,600740,4.38,4.67,4.69,4.36,119529,214279044.0,7.57,7.11,0.31,9.96
2007-05-30,600740,4.22,4.13,4.57,4.13,125363,215754329.0,9.42,-11.56,-0.54,10.45
2007-05-31,600740,4.11,4.24,4.37,3.72,108302,177882870.0,15.74,2.66,0.11,9.03
2007-06-01,600740,4.3,4.23,4.42,3.87,98196,164295506.0,12.97,-0.24,-0.01,8.18
2007-06-04,600740,4.29,4.2,4.36,3.86,98630,161292161.0,11.82,-0.71,-0.03,8.22
2007-06-05,600740,4.17,4.5,4.53,3.91,178103,299097855.0,14.76,7.14,0.3,14.84
2007-06-06,600740,4.58,4.93,4.94,4.34,251884,470513013.0,13.33,9.56,0.43,20.99
2007-06-07,600740,5.02,5.04,5.11,4.84,205472,397963644.0,5.48,2.23,0.11,17.12
2007-06-08,600740,4.96,5.06,5.22,4.85,146175,285184509.0,7.34,0.4,0.02,12.18
2007-06-11,600740,5.08,5.09,5.37,5.07,120066,240411094.0,5.93,0.59,0.03,10.01
2007-06-12,600740,5.1,5.16,5.3,4.75,141983,277489502.0,10.81,1.38,0.07,11.83
2007-06-13,600740,5.17,5.12,5.34,5.02,114250,230079623.0,6.2,-0.78,-0.04,9.52
2007-06-14,600740,5.08,5.7,5.7,4.93,191912,401928434.0,15.04,11.33,0.58,15.99
2007-06-15,600740,5.54,5.53,5.76,5.46,111388,238449656.0,5.26,-2.98,-0.17,9.28
2007-06-18,600740,5.59,5.62,5.89,5.55,101395,219910314.0,6.15,1.63,0.09,8.45
2007-06-19,600740,5.58,5.73,5.91,5.52,78305,171613236.0,6.94,1.96,0.11,6.53
2007-06-20,600740,5.69,5.36,5.91,5.17,85883,185673876.0,12.91,-6.46,-0.37,7.16
2007-06-21,600740,5.36,5.36,5.61,5.25,72711,151376559.0,6.72,0.0,0.0,6.06
2007-06-22,600740,5.32,4.93,5.41,4.75,77379,151868528.0,12.31,-8.02,-0.43,6.45
2007-06-25,600740,4.94,4.36,5.02,4.36,66449,120482642.0,13.39,-11.56,-0.57,5.54
2007-06-26,600740,4.26,4.85,4.87,4.16,72275,127479967.0,16.28,11.24,0.49,6.02
2007-06-28,600740,5.25,4.68,5.25,4.65,85562,166330927.0,12.37,-3.51,-0.17,7.13
2007-06-29,600740,4.43,4.41,4.65,4.34,48727,85955924.0,6.62,-5.77,-0.27,4.06
2007-07-02,600740,4.49,4.42,4.57,4.23,34928,60695971.0,7.71,0.23,0.01,2.91
2007-07-03,600740,4.47,4.62,4.65,4.4,34454,61390012.0,5.66,4.52,0.2,2.87
2007-07-04,600740,4.63,4.4,4.72,4.36,30213,54222779.0,7.79,-4.76,-0.22,2.52
2007-07-06,600740,4.09,4.57,4.66,3.98,75002,126942574.0,15.45,3.86,0.17,6.25
2007-07-09,600740,4.58,4.67,4.81,4.57,66701,123027791.0,5.25,2.19,0.1,5.56
2007-07-10,600740,4.67,4.51,4.68,4.37,40220,71775484.0,6.64,-3.43,-0.16,3.35
2007-07-11,600740,4.43,4.48,4.57,4.4,27965,49379834.0,3.77,-0.67,-0.03,2.33
2007-07-12,600740,4.48,4.46,4.53,4.39,21737,38135375.0,3.13,-0.45,-0.02,1.81
2007-07-13,600740,4.43,4.32,4.44,4.19,24078,41099355.0,5.61,-3.14,-0.14,2.01
2007-07-16,600740,4.32,4.07,4.35,4.06,30884,51192587.0,6.71,-5.79,-0.25,2.57
2007-07-17,600740,4.07,4.16,4.23,4.01,31783,52328129.0,5.41,2.21,0.09,2.65
2007-07-18,600740,4.14,4.13,4.22,4.04,42321,69686326.0,4.33,-0.72,-0.03,3.53
2007-07-19,600740,4.13,4.15,4.23,4.07,18743,31136287.0,3.87,0.48,0.02,1.56
2007-07-20,600740,4.19,4.33,4.37,4.16,37873,64300573.0,5.06,4.34,0.18,3.16
2007-07-23,600740,4.34,4.59,4.63,4.34,53702,95722152.0,6.7,6.0,0.26,4.48
2007-07-24,600740,4.64,4.54,4.68,4.53,44785,81122193.0,3.27,-1.09,-0.05,3.73
2007-07-25,600740,4.53,4.93,4.93,4.49,89516,169144722.0,9.69,8.59,0.39,7.46
2007-07-26,600740,4.96,4.9,5.02,4.8,57464,109589567.0,4.46,-0.61,-0.03,4.79
2007-07-27,600740,4.79,4.99,5.15,4.77,53399,103531688.0,7.76,1.84,0.09,4.45
2007-07-30,600740,5.05,5.16,5.22,4.95,69207,136895154.0,5.41,3.41,0.17,5.77
2007-07-31,600740,5.16,5.17,5.45,5.16,77411,157554081.0,5.62,0.19,0.01,6.45
2007-08-01,600740,5.13,4.69,5.16,4.67,79837,152950570.0,9.48,-9.28,-0.48,6.65
2007-08-02,600740,4.7,4.89,4.93,4.7,47011,88870206.0,4.9,4.26,0.2,3.92
2007-08-03,600740,4.97,4.93,5.03,4.87,52497,100666378.0,3.27,0.82,0.04,4.38
2007-08-06,600740,5.0,5.01,5.11,4.91,49322,95808716.0,4.06,1.62,0.08,4.11
2007-08-07,600740,4.96,5.09,5.28,4.78,81461,160353734.0,9.98,1.6,0.08,6.79
2007-08-08,600740,5.04,4.78,5.04,4.71,47592,90115610.0,6.48,-6.09,-0.31,3.97
2007-08-09,600740,4.82,4.85,4.92,4.71,41223,77331305.0,4.39,1.46,0.07,3.44
2007-08-10,600740,4.85,4.72,4.86,4.57,35267,64826299.0,5.98,-2.68,-0.13,2.94
2007-08-13,600740,4.7,4.54,4.78,4.5,39965,72072710.0,5.93,-3.81,-0.18,3.33
2007-08-14,600740,4.54,4.69,4.74,4.54,29378,53884390.0,4.41,3.3,0.15,2.45
2007-08-15,600740,4.72,4.87,4.96,4.71,53968,102103139.0,5.33,3.84,0.18,4.5
2007-08-16,600740,4.83,4.99,5.07,4.81,51956,100704878.0,5.34,2.46,0.12,4.33
2007-08-17,600740,4.96,4.94,5.1,4.9,38762,75283447.0,4.01,-1.0,-0.05,3.23
2007-08-20,600740,5.05,5.29,5.31,5.0,79538,158979195.0,6.28,7.09,0.35,6.63
2007-08-21,600740,5.29,5.16,5.29,5.12,65476,131247448.0,3.21,-2.46,-0.13,5.46
2007-08-22,600740,5.12,5.1,5.22,5.02,50918,101022392.0,3.88,-1.16,-0.06,4.24
2007-08-23,600740,5.11,5.17,5.17,4.96,65560,129047955.0,4.12,1.37,0.07,5.46
2007-08-24,600740,5.2,5.15,5.43,5.14,77072,156780800.0,5.61,-0.39,-0.02,6.42
2007-08-27,600740,5.17,5.2,5.24,5.07,64533,129124511.0,3.3,0.97,0.05,5.38
2007-08-28,600740,5.21,5.55,5.65,5.05,125604,259944824.0,11.54,6.73,0.35,10.47
2007-08-29,600740,5.41,5.22,5.52,5.2,70376,145257283.0,5.77,-5.95,-0.33,5.87
2007-08-30,600740,5.26,5.41,5.46,5.23,53746,110326435.0,4.41,3.64,0.19,4.48
2007-08-31,600740,5.42,5.48,5.54,5.31,67596,142182034.0,4.25,1.29,0.07,5.63
2007-09-03,600740,5.58,6.1,6.1,5.58,153200,348750777.0,9.49,11.31,0.62,12.77
2007-09-04,600740,6.26,5.93,6.33,5.91,142561,331864139.0,6.89,-2.79,-0.17,11.88
2007-09-05,600740,5.82,6.09,6.26,5.82,79115,183666304.0,7.42,2.7,0.16,6.59
2007-09-06,600740,6.15,6.22,6.22,6.0,71225,165383022.0,3.61,2.13,0.13,5.94
2007-09-07,600740,6.21,5.91,6.24,5.85,75655,173296362.0,6.27,-4.98,-0.31,6.3
2007-09-10,600740,5.87,6.05,6.05,5.52,57469,127765071.0,8.97,2.37,0.14,4.79
2007-09-11,600740,6.02,5.67,6.38,5.53,65463,150396279.0,14.05,-6.28,-0.38,5.46
2007-09-12,600740,5.66,5.75,5.86,5.52,49817,108167223.0,6.0,1.41,0.08,4.15
2007-09-13,600740,5.77,6.22,6.25,5.67,92083,211354151.0,10.09,8.17,0.47,7.67
2007-09-14,600740,6.17,6.15,6.36,5.94,76752,179777050.0,6.75,-1.13,-0.07,6.4
2007-09-17,600740,6.14,6.57,6.65,6.04,108610,264411784.0,9.92,6.83,0.42,9.05
2007-09-18,600740,6.61,6.63,6.82,6.44,69055,171654761.0,5.78,0.91,0.06,5.75
2007-09-19,600740,6.59,6.64,6.96,6.5,82855,211257307.0,6.94,0.15,0.01,6.9
2007-09-20,600740,6.64,6.54,6.73,6.47,53759,132909816.0,3.92,-1.51,-0.1,4.48
2007-09-21,600740,6.56,6.61,6.83,6.31,78013,193437291.0,7.95,1.07,0.07,6.5
2007-09-24,600740,6.7,6.9,7.18,6.61,86913,226637125.0,8.62,4.39,0.29,7.24
2007-09-25,600740,6.94,6.39,7.03,6.35,54860,136326520.0,9.86,-7.39,-0.51,4.57
2007-09-26,600740,6.38,5.94,6.47,5.85,48013,112120511.0,9.7,-7.04,-0.45,4.0
2007-09-27,600740,5.96,6.2,6.21,5.96,31597,73245519.0,4.21,4.38,0.26,2.63
2007-09-28,600740,6.35,6.45,6.6,6.26,41287,100655375.0,5.48,4.03,0.25,3.44
2007-10-08,600740,6.6,6.35,6.65,6.15,46226,110345863.0,7.75,-1.55,-0.1,3.85
2007-10-09,600740,6.35,6.17,6.35,6.05,29113,67697887.0,4.72,-2.83,-0.18,2.43
2007-10-10,600740,6.17,6.19,6.6,6.11,39640,94654339.0,7.94,0.32,0.02,3.3
2007-10-11,600740,6.22,6.05,6.28,5.94,43731,100365297.0,5.49,-2.26,-0.14,3.64
2007-10-12,600740,6.11,5.95,6.22,5.46,49807,112598843.0,12.56,-1.65,-0.1,4.15
2007-10-15,600740,5.99,6.0,6.08,5.61,43026,97169664.0,7.9,0.84,0.05,3.59
2007-10-16,600740,6.05,6.29,6.3,5.85,59153,137640683.0,7.5,4.83,0.29,4.93
2007-10-17,600740,6.32,6.21,6.49,6.11,50894,121115268.0,6.04,-1.27,-0.08,4.24
2007-10-18,600740,6.24,5.85,6.27,5.84,34135,77564397.0,6.92,-5.8,-0.36,2.84
2007-10-19,600740,5.86,5.86,6.02,5.73,19894,44422297.0,4.96,0.17,0.01,1.66
2007-10-22,600740,5.77,5.5,5.77,5.46,31465,66960059.0,5.29,-6.14,-0.36,2.62
2007-10-23,600740,5.49,5.34,5.58,5.01,40254,80976488.0,10.36,-2.91,-0.16,3.35
2007-10-24,600740,5.37,5.17,5.45,5.16,25637,51744855.0,5.43,-3.18,-0.17,2.14
2007-10-25,600740,5.13,4.65,5.13,4.65,33664,63222040.0,9.28,-10.06,-0.52,2.81
2007-10-26,600740,4.51,4.57,4.75,4.46,24643,44447198.0,6.24,-1.72,-0.08,2.05
2007-10-29,600740,4.57,4.96,4.96,4.51,31578,58783863.0,9.85,8.53,0.39,2.63
2007-10-30,600740,4.98,4.99,5.14,4.93,25469,49672807.0,4.23,0.6,0.03,2.12
2007-10-31,600740,5.0,5.03,5.14,4.93,26521,51745579.0,4.21,0.8,0.04,2.21
2007-11-01,600740,4.93,5.06,5.28,4.93,33421,66641567.0,6.96,0.6,0.03,2.79
2007-11-02,600740,5.05,4.71,5.05,4.68,23603,44105236.0,7.31,-6.92,-0.35,1.97
2007-11-05,600740,4.72,4.81,4.93,4.69,16434,30816151.0,5.1,2.12,0.1,1.37
2007-11-06,600740,4.8,4.82,4.96,4.8,13378,25531353.0,3.33,0.21,0.01,1.11
2007-11-07,600740,4.94,4.92,5.0,4.72,12454,23621092.0,5.81,2.07,0.1,1.04
2007-11-08,600740,4.92,4.54,4.92,4.54,18164,33538412.0,7.72,-7.72,-0.38,1.51
2007-11-09,600740,4.54,4.35,4.57,4.14,22931,39267839.0,9.47,-4.19,-0.19,1.91
2007-11-12,600740,4.3,4.07,4.31,3.91,28449,46355887.0,9.2,-6.44,-0.28,2.37
2007-11-13,600740,4.12,4.09,4.24,4.04,17187,28501002.0,4.91,0.49,0.02,1.43
2007-11-14,600740,4.15,4.41,4.43,4.07,21652,36764042.0,8.8,7.82,0.32,1.8
2007-11-15,600740,4.42,4.27,4.43,4.25,17055,29266679.0,4.08,-3.17,-0.14,1.42
2007-11-16,600740,4.22,4.22,4.25,4.07,13433,22222963.0,4.22,-1.17,-0.05,1.12
2007-11-19,600740,4.27,4.33,4.4,4.22,14269,24499826.0,4.27,2.61,0.11,1.19
2007-11-20,600740,4.34,4.49,4.51,4.28,18157,31852588.0,5.31,3.7,0.16,1.51
2007-11-21,600740,4.5,4.49,4.68,4.49,25373,45728125.0,4.23,0.0,0.0,2.11
2007-11-22,600740,4.45,4.2,4.45,4.19,12976,22137594.0,5.79,-6.46,-0.29,1.08
2007-11-23,600740,4.19,4.36,4.36,4.11,9327,15816381.0,5.95,3.81,0.16,0.78
2007-11-26,600740,4.44,4.34,4.54,4.3,15373,27074351.0,5.5,-0.46,-0.02,1.28
2007-11-27,600740,4.33,4.28,4.38,4.26,9116,15589978.0,2.76,-1.38,-0.06,0.76
2007-11-28,600740,4.28,4.28,4.38,4.25,8147,13952319.0,3.04,0.0,0.0,0.68
2007-11-29,600740,4.37,4.63,4.63,4.37,39102,69871713.0,6.07,8.18,0.35,3.26
2007-11-30,600740,4.65,4.78,4.86,4.57,55567,103732246.0,6.26,3.24,0.15,4.63
2007-12-03,600740,4.72,4.77,4.95,4.63,27117,50917210.0,6.69,-0.21,-0.01,2.26
2007-12-04,600740,4.86,4.8,4.93,4.75,21917,41457507.0,3.77,0.63,0.03,1.83
2007-12-05,600740,4.8,4.85,4.87,4.72,24615,46289211.0,3.13,1.04,0.05,2.05
2007-12-06,600740,4.9,4.8,4.94,4.79,21613,41135760.0,3.09,-1.03,-0.05,1.8
2007-12-07,600740,4.81,4.83,4.84,4.72,18503,34629735.0,2.5,0.63,0.03,1.54
2007-12-10,600740,4.72,4.99,5.02,4.65,32889,62884153.0,7.66,3.31,0.16,2.74
2007-12-11,600740,5.0,4.94,5.02,4.86,24516,47062184.0,3.21,-1.0,-0.05,2.04
2007-12-12,600740,4.94,4.97,5.04,4.83,24589,47425995.0,4.25,0.61,0.03,2.05
2007-12-13,600740,4.96,4.66,5.01,4.66,21041,39719524.0,7.04,-6.24,-0.31,1.75
2007-12-14,600740,4.6,4.75,4.75,4.45,18506,33535571.0,6.44,1.93,0.09,1.54
2007-12-17,600740,4.86,4.65,4.86,4.63,15794,29021475.0,4.84,-2.11,-0.1,1.32
2007-12-18,600740,4.71,4.86,4.91,4.65,31235,59113966.0,5.59,4.52,0.21,2.6
2007-12-19,600740,4.88,4.91,4.97,4.83,27028,51792425.0,2.88,1.03,0.05,2.25
2007-12-20,600740,4.92,4.95,4.98,4.87,20766,39890651.0,2.24,0.81,0.04,1.73
2007-12-21,600740,4.95,5.09,5.12,4.91,31631,61892369.0,4.24,2.83,0.14,2.64
2007-12-24,600740,5.08,5.14,5.25,5.01,33511,66858948.0,4.72,0.98,0.05,2.79
2007-12-25,600740,5.11,5.15,5.22,5.11,19743,39495639.0,2.14,0.19,0.01,1.65
2007-12-26,600740,5.15,5.31,5.32,5.15,23196,47201622.0,3.3,3.11,0.16,1.93
2007-12-27,600740,5.33,5.44,5.57,5.27,33160,69476499.0,5.65,2.45,0.13,2.76
2007-12-28,600740,5.4,5.56,5.64,5.4,35085,75063174.0,4.41,2.21,0.12,2.92
2008-01-02,600740,5.54,5.82,5.83,5.54,36680,80352127.0,5.22,4.68,0.26,3.06
2008-01-03,600740,5.86,6.08,6.2,5.86,47000,108225012.0,5.84,4.47,0.26,3.92
2008-01-04,600740,6.18,6.02,6.2,5.96,34144,78212271.0,3.95,-0.99,-0.06,2.85
2008-01-07,600740,6.02,6.45,6.47,6.02,48229,116278459.0,7.48,7.14,0.43,4.02
2008-01-08,600740,6.47,6.17,6.64,6.05,43922,104849582.0,9.15,-4.34,-0.28,3.66
2008-01-09,600740,6.11,6.42,6.47,6.0,44069,104929119.0,7.62,4.05,0.25,3.67
2008-01-10,600740,6.42,6.46,6.65,6.37,49299,121454767.0,4.36,0.62,0.04,4.11
2008-01-11,600740,6.47,6.55,6.63,6.29,40261,98460172.0,5.26,1.39,0.09,3.36
2008-01-14,600740,6.62,6.48,6.65,6.41,28916,70639692.0,3.66,-1.07,-0.07,2.41
2008-01-15,600740,6.5,6.71,6.79,6.5,47260,118759151.0,4.48,3.55,0.23,3.94
2008-01-16,600740,6.65,6.49,6.65,6.47,36019,88792558.0,2.68,-3.28,-0.22,3.0
2008-01-17,600740,6.41,6.1,6.57,5.96,50400,118862470.0,9.4,-6.01,-0.39,4.2
2008-01-18,600740,6.11,6.26,6.36,6.03,40880,96649934.0,5.41,2.62,0.16,3.41
2008-01-22,600740,5.7,5.56,5.85,5.56,39468,85066604.0,4.63,-11.18,-0.7,3.29
2008-01-23,600740,5.4,5.63,5.74,5.05,64265,136463956.0,12.41,1.26,0.07,5.36
2008-01-24,600740,5.71,6.05,6.11,5.58,61850,139488671.0,9.41,7.46,0.42,5.15
2008-01-25,600740,6.08,6.14,6.48,6.02,56506,134145851.0,7.6,1.49,0.09,4.71
2008-01-28,600740,6.28,6.3,6.53,6.14,82887,198945102.0,6.35,2.61,0.16,6.91
2008-01-29,600740,6.43,6.28,6.65,6.02,53574,129029006.0,10.0,-0.32,-0.02,4.46
2008-01-30,600740,6.41,6.03,6.46,5.85,46739,108626759.0,9.71,-3.98,-0.25,3.9
2008-01-31,600740,5.95,6.04,6.14,5.73,34316,77334279.0,6.8,0.17,0.01,2.86
2008-02-01,600740,6.08,6.35,6.45,5.87,113753,268824660.0,9.6,5.13,0.31,9.48
2008-02-04,600740,6.99,7.06,7.06,6.99,53313,140691577.0,1.1,11.18,0.71,4.44
2008-02-05,600740,7.29,7.37,7.68,7.15,251627,692550986.0,7.51,4.39,0.31,20.97
2008-02-13,600740,7.15,7.19,7.52,6.88,106966,288350849.0,8.68,-2.44,-0.18,8.91
2008-02-14,600740,7.15,7.39,7.64,7.15,92241,255371687.0,6.82,2.78,0.2,7.69
2008-02-15,600740,7.27,7.63,7.65,7.2,82653,229384060.0,6.09,3.25,0.24,6.89
2008-02-18,600740,7.81,7.66,8.05,7.64,121694,355023712.0,5.37,0.39,0.03,10.14
2008-02-19,600740,7.61,7.72,7.76,7.41,87543,245665150.0,4.57,0.78,0.06,7.3
2008-02-20,600740,7.74,7.5,7.94,7.47,81335,232931250.0,6.09,-2.85,-0.22,6.78
2008-02-21,600740,7.41,7.4,7.59,7.21,53208,146845607.0,5.07,-1.33,-0.1,4.43
2008-02-22,600740,7.39,6.94,7.4,6.82,74393,196321480.0,7.84,-6.22,-0.46,6.2
2008-02-25,600740,6.91,6.9,7.1,6.79,42607,111014698.0,4.47,-0.58,-0.04,3.55
2008-02-28,600740,7.13,7.03,7.18,6.94,31921,84362811.0,3.48,1.88,0.13,2.66
2008-02-29,600740,7.03,7.25,7.31,6.99,33984,90863160.0,4.55,3.13,0.22,2.83
2008-03-03,600740,7.21,7.38,7.53,7.04,46107,125642405.0,6.76,1.79,0.13,3.84
2008-03-04,600740,7.36,7.08,7.38,7.03,52008,139428335.0,4.74,-4.07,-0.3,4.33
2008-03-05,600740,6.97,6.79,7.03,6.59,39809,101608155.0,6.21,-4.1,-0.29,3.32
2008-03-06,600740,6.76,6.84,6.94,6.67,24346,62365759.0,3.98,0.74,0.05,2.03
2008-03-07,600740,6.78,6.83,6.94,6.7,17376,44584918.0,3.51,-0.15,-0.01,1.45
2008-03-10,600740,6.91,7.11,7.23,6.91,56601,150506470.0,4.69,4.1,0.28,4.72
2008-03-11,600740,7.12,7.17,7.18,6.79,30440,79950195.0,5.49,0.84,0.06,2.54
2008-03-12,600740,7.33,6.94,7.4,6.94,37962,101713279.0,6.42,-3.21,-0.23,3.16
2008-03-13,600740,6.91,6.68,7.23,6.36,55027,141553908.0,12.54,-3.75,-0.26,4.59
2008-03-14,600740,6.57,6.85,7.23,6.47,77745,102180218.0,11.38,2.54,0.17,3.24
2008-03-17,600740,6.67,6.09,6.67,6.09,79326,93460668.0,8.47,-11.09,-0.76,3.31
2008-03-18,600740,5.76,5.41,6.05,5.41,60062,64343871.0,10.51,-11.17,-0.68,2.5
2008-03-19,600740,5.44,5.67,5.88,5.14,91921,98426896.0,13.68,4.81,0.26,3.83
2008-03-20,600740,5.56,6.04,6.16,5.05,110748,119130042.0,19.58,6.53,0.37,4.61
2008-03-21,600740,6.05,6.2,6.32,5.88,94334,110269422.0,7.28,2.65,0.16,3.93
2008-03-24,600740,6.3,5.8,6.35,5.76,61152,71154631.0,9.52,-6.45,-0.4,2.55
2008-03-25,600740,5.7,5.91,6.01,5.52,49890,54943303.0,8.45,1.9,0.11,2.08
2008-03-26,600740,6.05,6.58,6.58,5.94,249722,305480332.0,10.83,11.34,0.67,10.41
2008-03-27,600740,6.35,6.65,7.17,6.22,322580,409171095.0,14.44,1.06,0.07,13.44
2008-03-28,600740,6.53,6.97,7.0,6.11,169120,209346959.0,13.38,4.81,0.32,7.05
2008-03-31,600740,6.67,6.92,7.27,6.53,186129,244827166.0,10.62,-0.72,-0.05,7.76
2008-04-01,600740,6.75,6.15,7.01,6.15,126900,156570175.0,12.43,-11.13,-0.77,5.29
2008-04-02,600740,6.17,5.62,6.34,5.5,122086,136987737.0,13.66,-8.62,-0.53,5.09
2008-04-03,600740,5.41,6.19,6.2,5.41,96593,108242840.0,14.06,10.14,0.57,4.02
2008-04-07,600740,6.02,6.88,6.88,5.94,184126,233998580.0,15.19,11.15,0.69,7.67
2008-04-08,600740,7.11,7.44,7.53,7.0,338951,460013281.0,7.7,8.14,0.56,14.12
2008-04-09,600740,7.34,7.03,7.99,7.0,365592,515167544.0,13.31,-5.51,-0.41,15.23
2008-04-10,600740,6.91,7.81,7.81,6.89,287861,406930507.0,13.09,11.1,0.78,11.99
2008-04-11,600740,8.42,8.3,8.67,7.98,618763,943744837.0,8.83,6.27,0.49,25.78
2008-04-14,600740,7.97,8.56,8.65,7.82,459613,705885383.0,10.0,3.13,0.26,19.15
2008-04-15,600740,8.56,8.47,8.56,7.95,243961,372726213.0,7.13,-1.05,-0.09,10.17
2008-04-16,600740,8.37,8.67,9.11,8.31,433933,700436754.0,9.45,2.36,0.2,18.08
2008-04-17,600740,8.66,8.04,8.8,7.83,297311,452109675.0,11.19,-7.27,-0.63,12.39
2008-04-18,600740,7.79,7.39,7.99,7.27,206087,288464506.0,8.96,-8.08,-0.65,8.59
2008-04-21,600740,8.12,7.69,8.12,7.4,238806,344697189.0,9.74,4.06,0.3,9.95
2008-04-22,600740,7.41,8.54,8.54,7.36,288981,430842976.0,15.34,11.05,0.85,12.04
2008-04-23,600740,8.48,8.85,9.1,8.24,393528,637010004.0,10.07,3.63,0.31,16.4
2008-04-25,600740,9.6,9.23,9.75,9.08,451104,778906679.0,7.57,4.29,0.38,18.8
2008-04-28,600740,8.25,8.56,9.05,8.23,433003,678444851.0,8.88,-7.26,-0.67,18.04
2008-04-29,600740,8.36,8.89,9.31,8.24,310865,507785635.0,12.5,3.86,0.33,12.95
2008-04-30,600740,8.93,9.08,9.3,8.54,435638,707088682.0,8.55,2.14,0.19,18.15
2008-05-05,600740,9.25,9.19,9.38,8.83,335878,561027885.0,6.06,1.21,0.11,14.0
2008-05-06,600740,9.06,9.02,9.47,8.75,323028,542860563.0,7.83,-1.85,-0.17,13.46
2008-05-07,600740,8.87,9.14,9.59,8.79,395067,672117333.0,8.87,1.33,0.12,16.46
2008-05-08,600740,9.01,9.46,9.59,8.89,345946,591002884.0,7.66,3.5,0.32,14.42
2008-05-09,600740,9.46,9.08,9.66,8.95,352524,598942161.0,7.51,-4.02,-0.38,14.69
2008-05-12,600740,8.82,8.9,9.19,8.72,203515,333938499.0,5.18,-1.98,-0.18,7.82
2008-05-13,600740,8.67,8.54,9.07,8.12,178894,284272142.0,10.67,-4.04,-0.36,6.87
2008-05-14,600740,8.42,9.25,9.43,8.36,263284,436992633.0,12.53,8.31,0.71,10.12
2008-05-15,600740,9.36,9.09,9.49,9.02,224436,379204324.0,5.08,-1.73,-0.16,8.62
2008-05-16,600740,9.02,8.93,9.23,8.72,120606,196863452.0,5.61,-1.76,-0.16,4.63
2008-05-19,600740,8.96,9.16,9.31,8.96,152783,257259882.0,3.92,2.58,0.23,5.87
2008-05-20,600740,9.24,8.52,9.43,8.26,154737,251954577.0,12.77,-6.99,-0.64,5.95
2008-05-21,600740,8.36,8.69,8.86,8.01,136718,210769419.0,9.98,2.0,0.17,5.25
2008-05-22,600740,8.69,8.69,8.98,8.42,128812,207894340.0,6.44,0.0,0.0,4.95
2008-05-23,600740,8.66,8.4,8.85,8.18,86858,136332248.0,7.71,-3.34,-0.29,3.34
2008-05-26,600740,8.7,8.51,8.86,8.42,121520,193534345.0,5.24,1.31,0.11,4.67
2008-05-27,600740,8.39,8.42,8.65,8.2,65915,101878500.0,5.29,-1.06,-0.09,2.53
2008-05-28,600740,8.43,8.55,8.62,8.21,84733,131564652.0,4.87,1.54,0.13,3.26
2008-05-29,600740,8.57,8.2,8.63,8.2,88607,136529170.0,5.03,-4.09,-0.35,3.4
2008-05-30,600740,8.2,7.87,8.31,7.59,114449,166720323.0,8.78,-4.02,-0.33,4.4
2008-06-02,600740,8.07,8.56,8.72,7.89,165640,257549939.0,10.55,8.77,0.69,6.36
2008-06-03,600740,8.57,8.37,8.69,8.27,90823,141231423.0,4.91,-2.22,-0.19,3.49
2008-06-04,600740,8.35,8.12,8.4,7.99,56958,85385528.0,4.9,-2.99,-0.25,2.19
2008-06-05,600740,8.01,7.53,8.01,7.51,107609,153240050.0,6.16,-7.27,-0.59,4.13
2008-06-06,600740,7.56,7.47,7.74,7.38,50400,70788730.0,4.78,-0.8,-0.06,1.94
2008-06-10,600740,7.15,7.02,7.8,6.66,106221,143846716.0,15.26,-6.02,-0.45,4.08
2008-06-11,600740,7.05,7.01,7.24,6.82,72578,95002362.0,5.98,-0.14,-0.01,2.79
2008-06-12,600740,7.06,6.75,7.18,6.65,73084,94007081.0,7.56,-3.71,-0.26,2.81
2008-06-13,600740,6.65,6.01,6.86,5.99,83822,99422677.0,12.89,-10.96,-0.74,3.22
2008-06-16,600740,5.84,5.64,6.03,5.41,81197,87932237.0,10.32,-6.16,-0.37,3.12
2008-06-17,600740,5.64,5.17,5.82,5.11,74369,78694621.0,12.59,-8.33,-0.47,2.86
2008-06-18,600740,5.17,5.76,5.76,4.87,155639,163473591.0,17.21,11.41,0.59,5.98
2008-06-19,600740,5.91,5.9,6.38,5.7,297093,340825703.0,11.81,2.43,0.14,11.41
2008-06-20,600740,6.11,6.19,6.35,5.56,224198,260737365.0,13.39,4.92,0.29,8.61
2008-06-23,600740,6.11,5.91,6.22,5.76,98537,111842539.0,7.43,-4.52,-0.28,3.79
2008-06-24,600740,5.82,6.04,6.14,5.7,90691,102925845.0,7.45,2.2,0.13,3.48
2008-06-25,600740,6.02,6.52,6.56,5.96,148292,176132160.0,9.93,7.95,0.48,5.7
2008-06-26,600740,6.56,6.53,6.65,6.29,153085,187120617.0,5.52,0.15,0.01,5.88
2008-06-27,600740,6.28,5.92,6.46,5.82,114206,132314134.0,9.8,-9.34,-0.61,4.39
2008-06-30,600740,5.79,5.72,5.98,5.47,77032,84379832.0,8.61,-3.38,-0.2,2.96
2008-07-01,600740,5.75,5.75,5.95,5.73,65644,72737326.0,3.85,0.52,0.03,2.52
2008-07-02,600740,5.68,5.89,6.04,5.68,70956,79821397.0,6.26,2.43,0.14,2.73
2008-07-03,600740,5.88,6.55,6.55,5.67,171847,201615842.0,14.94,11.21,0.66,6.6
2008-07-04,600740,6.51,6.28,6.7,6.17,187605,226785656.0,8.09,-4.12,-0.27,7.21
2008-07-07,600740,6.23,6.54,6.61,6.23,137284,167749587.0,6.05,4.14,0.26,5.27
2008-07-08,600740,6.65,6.8,7.08,6.65,193768,249683164.0,6.57,3.98,0.26,7.44
2008-07-09,600740,6.8,6.96,6.97,6.47,182000,230204845.0,7.35,2.35,0.16,6.99
2008-07-10,600740,6.73,6.69,7.14,6.65,157825,204258085.0,7.04,-3.88,-0.27,6.06
2008-07-11,600740,6.91,6.91,7.03,6.73,152693,197347248.0,4.48,3.29,0.22,5.87
2008-07-14,600740,6.82,7.01,7.06,6.76,128472,166168962.0,4.34,1.45,0.1,4.94
2008-07-16,600740,6.62,6.27,6.62,6.24,117909,142591539.0,5.42,-10.56,-0.74,4.53
2008-07-17,600740,6.32,5.95,6.53,5.94,70960,83430402.0,9.41,-5.1,-0.32,2.73
2008-07-18,600740,5.99,6.0,6.13,5.41,109665,120108806.0,12.1,0.84,0.05,4.21
2008-07-21,600740,5.91,6.18,6.24,5.7,110245,125773325.0,9.0,3.0,0.18,4.24
2008-07-22,600740,6.17,6.06,6.27,6.05,86506,100800834.0,3.56,-1.94,-0.12,3.32
2008-07-23,600740,5.53,5.87,5.9,5.53,372007,407568090.0,6.11,-3.14,-0.19,8.85
2008-07-24,600740,5.7,5.89,5.96,5.66,265132,294164944.0,5.11,0.34,0.02,6.31
2008-07-25,600740,5.85,5.7,5.85,5.67,140786,154349012.0,3.06,-3.23,-0.19,3.35
2008-07-28,600740,5.76,5.91,5.92,5.7,243499,269550472.0,3.86,3.68,0.21,5.79
2008-07-29,600740,5.82,5.92,6.01,5.76,301569,339172898.0,4.23,0.17,0.01,7.18
2008-07-30,600740,5.97,5.73,5.99,5.65,157723,174825486.0,5.74,-3.21,-0.19,3.75
2008-07-31,600740,5.75,5.33,5.82,5.31,122965,130389069.0,8.9,-6.98,-0.4,2.93
2008-08-01,600740,5.28,5.27,5.32,5.04,112624,113007650.0,5.25,-1.13,-0.06,2.68
2008-08-04,600740,5.31,5.28,5.5,5.27,96654,100123858.0,4.36,0.19,0.01,2.3
2008-08-05,600740,5.33,4.85,5.37,4.78,98957,96614698.0,11.17,-8.14,-0.43,2.35
2008-08-06,600740,4.87,4.59,4.91,4.4,138036,125106778.0,10.52,-5.36,-0.26,3.28
2008-08-07,600740,4.59,4.49,4.65,4.41,80560,71688297.0,5.23,-2.18,-0.1,1.92
2008-08-08,600740,4.51,4.16,4.67,4.16,178428,157530679.0,11.36,-7.35,-0.33,4.25
2008-08-11,600740,4.15,3.67,4.15,3.67,88753,68017720.0,11.54,-11.78,-0.49,2.11
2008-08-12,600740,3.45,3.54,3.66,3.27,123391,88182355.0,10.63,-3.54,-0.13,2.94
2008-08-13,600740,3.43,3.49,3.65,3.22,107569,75903061.0,12.15,-1.41,-0.05,2.56
2008-08-14,600740,3.41,3.67,3.89,3.41,158616,119185656.0,13.75,5.16,0.18,3.77
2008-08-15,600740,3.6,3.54,3.65,3.45,88771,64521037.0,5.45,-3.54,-0.13,2.11
2008-08-18,600740,3.44,3.11,3.51,3.11,101665,69022389.0,11.3,-12.15,-0.43,2.42
2008-08-19,600740,2.98,3.07,3.12,2.92,76588,48992886.0,6.43,-1.29,-0.04,1.82
2008-08-20,600740,3.06,3.45,3.45,3.0,180536,124624176.0,14.66,12.38,0.38,4.3
2008-08-21,600740,3.33,3.28,3.55,3.27,142718,100412426.0,8.12,-4.93,-0.17,3.4
2008-08-22,600740,3.24,3.18,3.36,3.09,88930,59791556.0,8.23,-3.05,-0.1,2.12
2008-08-25,600740,3.19,3.17,3.25,3.07,57932,38440389.0,5.66,-0.31,-0.01,1.38
2008-08-26,600740,3.09,2.8,3.12,2.79,103502,63986762.0,10.41,-11.67,-0.37,2.46
2008-08-27,600740,2.75,2.8,2.87,2.64,75695,45091612.0,8.21,0.0,0.0,1.8
2008-08-28,600740,2.79,2.95,2.99,2.77,118674,73704287.0,7.86,5.36,0.15,2.82
2008-08-29,600740,2.94,3.25,3.3,2.92,197494,130158132.0,12.88,10.17,0.3,4.7
2008-09-01,600740,3.15,3.27,3.3,3.08,164351,109550394.0,6.77,0.62,0.02,3.91
2008-09-02,600740,3.21,3.16,3.27,3.06,90548,60020798.0,6.42,-3.36,-0.11,2.15
2008-09-03,600740,3.09,2.98,3.17,2.91,114292,72542148.0,8.23,-5.7,-0.18,2.72
2008-09-04,600740,2.94,3.05,3.12,2.91,57589,36778498.0,7.05,2.35,0.07,1.37
2008-09-05,600740,2.91,2.94,3.01,2.86,66107,41367695.0,4.92,-3.61,-0.11,1.57
2008-09-08,600740,2.92,2.83,2.99,2.8,68309,41640624.0,6.46,-3.74,-0.11,1.63
2008-09-09,600740,2.83,2.91,2.96,2.81,51802,32000826.0,5.3,2.83,0.08,1.23
2008-09-10,600740,2.88,2.93,3.03,2.85,59837,37377628.0,6.19,0.69,0.02,1.42
2008-09-11,600740,3.01,3.08,3.2,3.01,160830,104801746.0,6.48,5.12,0.15,3.83
2008-09-12,600740,3.02,3.05,3.13,2.99,76424,49252478.0,4.55,-0.97,-0.03,1.82
2008-09-16,600740,3.04,3.13,3.2,2.98,112292,73253645.0,7.21,2.62,0.08,2.67
2008-09-17,600740,3.09,3.05,3.18,2.99,78961,51293944.0,6.07,-2.56,-0.08,1.88
2008-09-18,600740,3.0,2.92,3.07,2.67,136272,82679224.0,13.11,-4.26,-0.13,3.24
2008-09-19,600740,3.29,3.29,3.29,3.19,135317,92150752.0,3.42,12.67,0.37,3.22
2008-09-22,600740,3.63,3.69,3.69,3.31,469813,345493755.0,11.55,12.16,0.4,11.18
2008-09-23,600740,3.52,3.51,3.89,3.4,370984,274597956.0,13.28,-4.88,-0.18,8.83
2008-09-24,600740,3.38,3.66,3.67,3.28,205528,144436772.0,11.11,4.27,0.15,4.89
2008-09-25,600740,3.69,3.72,3.86,3.65,344846,261523227.0,5.74,1.64,0.06,8.21
2008-09-26,600740,3.72,3.59,3.77,3.53,222365,164082781.0,6.45,-3.49,-0.13,5.29
2008-10-06,600740,3.39,3.15,3.39,3.15,192096,129439776.0,6.69,-12.26,-0.44,4.57
2008-10-07,600740,2.95,3.03,3.13,2.81,103914,65251904.0,10.16,-3.81,-0.12,2.47
2008-10-08,600740,2.94,2.93,3.0,2.88,65103,40583113.0,3.96,-3.3,-0.1,1.55
2008-10-09,600740,3.04,2.91,3.09,2.89,68335,42897634.0,6.83,-0.68,-0.02,1.63
2008-10-10,600740,2.79,2.56,2.79,2.56,105369,60261982.0,7.9,-12.03,-0.35,2.51
2008-10-13,600740,2.44,2.56,2.57,2.25,103841,55017395.0,12.5,0.0,0.0,2.47
2008-10-14,600740,2.68,2.34,2.73,2.33,105747,59975750.0,15.63,-8.59,-0.22,2.52
2008-10-15,600740,2.35,2.33,2.38,2.26,62602,32483518.0,5.13,-0.43,-0.01,1.49
2008-10-16,600740,2.21,2.02,2.21,2.02,81521,39495320.0,8.15,-13.3,-0.31,1.94
2008-10-17,600740,2.06,2.07,2.09,1.99,55587,26302601.0,4.95,2.48,0.05,1.32
2008-10-20,600740,2.07,2.25,2.29,1.99,79093,38853432.0,14.49,8.7,0.18,1.88
2008-10-21,600740,2.27,2.25,2.34,2.21,107754,55217406.0,5.78,0.0,0.0,2.56
2008-10-23,600740,2.06,2.44,2.45,2.0,140700,72205150.0,20.0,8.44,0.19,3.35
2008-10-24,600740,2.38,2.31,2.47,2.29,113371,60258339.0,7.38,-5.33,-0.13,2.7
2008-10-27,600740,2.2,2.0,2.2,2.0,97701,46538532.0,8.66,-13.42,-0.31,2.32
2008-10-28,600740,1.9,2.07,2.13,1.85,80132,37317938.0,14.0,3.5,0.07,1.91
2008-10-29,600740,2.09,1.85,2.09,1.84,95954,43870622.0,12.08,-10.63,-0.22,2.28
2008-10-30,600740,1.85,1.85,1.95,1.8,68071,30284853.0,8.11,0.0,0.0,1.62
2008-10-31,600740,1.86,1.73,1.89,1.72,60552,26027369.0,9.19,-6.49,-0.12,1.44
2008-11-03,600740,1.72,1.63,1.73,1.61,55982,22983573.0,6.94,-5.78,-0.1,1.33
2008-11-04,600740,1.61,1.51,1.62,1.49,60035,23099499.0,7.98,-7.36,-0.12,1.43
2008-11-05,600740,1.55,1.59,1.64,1.54,81312,32116420.0,6.62,5.3,0.08,1.93
2008-11-06,600740,1.49,1.49,1.53,1.47,49059,18641229.0,3.77,-6.29,-0.1,1.17
2008-11-07,600740,1.47,1.54,1.57,1.43,56181,21502760.0,9.4,3.36,0.05,1.34
2008-11-10,600740,1.65,1.77,1.77,1.59,144722,60006385.0,11.69,14.94,0.23,3.44
2008-11-11,600740,1.79,1.78,1.89,1.74,191524,83170163.0,8.47,0.56,0.01,4.56
2008-11-12,600740,1.72,1.87,1.89,1.69,158224,68969972.0,11.24,5.06,0.09,3.76
2008-11-13,600740,1.88,2.13,2.13,1.86,341804,161021696.0,14.44,13.9,0.26,8.13
2008-11-14,600740,2.19,2.32,2.33,2.11,378800,188860362.0,10.33,8.92,0.19,9.01
2008-11-17,600740,2.24,2.36,2.37,2.18,313354,161002189.0,8.19,1.72,0.04,7.46
2008-11-18,600740,2.31,2.05,2.32,2.05,227339,112024423.0,11.44,-13.14,-0.31,5.41
2008-11-19,600740,1.96,2.27,2.28,1.83,341324,162350757.0,21.95,10.73,0.22,8.12
2008-11-20,600740,2.3,2.32,2.44,2.24,490641,255633671.0,8.81,2.2,0.05,11.67
2008-11-21,600740,2.2,2.19,2.32,2.06,226933,112468572.0,11.21,-5.6,-0.13,5.4
2008-11-24,600740,2.18,2.01,2.24,2.01,138656,67042877.0,10.5,-8.22,-0.18,3.3
2008-11-25,600740,2.05,1.95,2.11,1.91,104154,48319770.0,9.95,-2.99,-0.06,2.48
2008-11-26,600740,1.95,1.89,1.99,1.88,139565,62801216.0,5.64,-3.08,-0.06,3.32
2008-11-27,600740,2.11,1.93,2.12,1.91,150066,70056294.0,11.11,2.12,0.04,3.57
2008-11-28,600740,1.9,1.82,1.91,1.78,102321,44908171.0,6.74,-5.7,-0.11,2.43
2008-12-01,600740,1.8,1.94,1.94,1.7,149157,65032488.0,13.19,6.59,0.12,3.55
2008-12-02,600740,1.85,1.99,2.06,1.81,197180,89494046.0,12.89,2.58,0.05,4.69
2008-12-03,600740,2.01,2.27,2.27,1.98,394026,193830674.0,14.57,14.07,0.28,9.38
2008-12-04,600740,2.33,2.25,2.47,2.22,601359,313070893.0,11.01,-0.88,-0.02,14.31
2008-12-05,600740,2.21,2.3,2.32,2.15,256124,130386588.0,7.56,2.22,0.05,6.09
2008-12-08,600740,2.36,2.43,2.44,2.33,369830,196088220.0,4.78,5.65,0.13,8.8
2008-12-09,600740,2.48,2.44,2.59,2.42,478653,262664637.0,7.0,0.41,0.01,11.39
2008-12-10,600740,2.41,2.46,2.49,2.3,330530,176563557.0,7.79,0.82,0.02,7.86
2008-12-11,600740,2.48,2.35,2.59,2.34,342079,187459138.0,10.16,-4.47,-0.11,8.14
2008-12-12,600740,2.31,2.15,2.39,2.05,237733,120678558.0,14.47,-8.51,-0.2,5.66
2008-12-15,600740,2.21,2.13,2.24,2.06,153540,75413699.0,8.37,-0.93,-0.02,3.65
2008-12-16,600740,2.13,2.22,2.24,1.97,160033,76841640.0,12.68,4.23,0.09,3.81
2008-12-17,600740,2.21,2.2,2.27,2.18,185556,93257956.0,4.05,-0.9,-0.02,4.42
2008-12-18,600740,2.2,2.34,2.36,2.14,227494,115765040.0,10.0,6.36,0.14,5.41
2008-12-19,600740,2.33,2.33,2.38,2.28,250576,131111051.0,4.27,-0.43,-0.01,5.96
2008-12-22,600740,2.31,2.33,2.38,2.23,183442,95124745.0,6.44,0.0,0.0,4.36
2008-12-23,600740,2.33,2.08,2.34,2.08,191553,95369869.0,11.16,-10.73,-0.25,4.56
2008-12-24,600740,2.03,1.95,2.03,1.91,136683,62609491.0,5.77,-6.25,-0.13,3.25
2008-12-25,600740,1.92,1.92,1.99,1.85,100675,45395142.0,7.18,-1.54,-0.03,2.4
2008-12-26,600740,1.93,1.9,1.95,1.88,63389,28573011.0,3.65,-1.04,-0.02,1.51
2008-12-29,600740,1.85,1.85,1.9,1.76,75692,32869029.0,7.37,-2.63,-0.05,1.8
2008-12-30,600740,1.85,1.96,1.99,1.8,119819,53717642.0,10.27,5.95,0.11,2.85
2008-12-31,600740,1.94,1.83,1.95,1.83,71513,31802310.0,6.12,-6.63,-0.13,1.7
2009-01-05,600740,1.91,2.02,2.02,1.86,145554,66697004.0,8.74,10.38,0.19,3.46
2009-01-06,600740,2.05,2.3,2.3,2.01,216777,109238153.0,14.36,13.86,0.28,5.16
2009-01-07,600740,2.5,2.49,2.55,2.35,661564,358668451.0,8.7,8.26,0.19,15.74
2009-01-08,600740,2.43,2.44,2.51,2.31,436855,233586940.0,8.03,-2.01,-0.05,10.39
2009-01-09,600740,2.41,2.45,2.57,2.4,425710,233098615.0,6.97,0.41,0.01,10.13
2009-01-12,600740,2.41,2.58,2.72,2.38,435540,244398272.0,13.88,5.31,0.13,10.36
2009-01-13,600740,2.5,2.37,2.53,2.35,274763,147374087.0,6.98,-8.14,-0.21,6.54
2009-01-14,600740,2.36,2.58,2.59,2.36,267991,146709428.0,9.7,8.86,0.21,6.38
2009-01-15,600740,2.49,2.5,2.59,2.46,276577,152777293.0,5.04,-3.1,-0.08,6.58
2009-01-16,600740,2.52,2.56,2.7,2.51,437287,249449763.0,7.6,2.4,0.06,10.4
2009-01-19,600740,2.53,2.43,2.56,2.38,418694,227913730.0,7.03,-5.08,-0.13,9.96
2009-01-20,600740,2.37,2.4,2.43,2.33,211328,111424137.0,4.12,-1.23,-0.03,5.03
2009-01-21,600740,2.34,2.38,2.44,2.33,142666,75937164.0,4.58,-0.83,-0.02,3.39
2009-01-22,600740,2.41,2.51,2.54,2.36,294944,161034858.0,7.56,5.46,0.13,7.02
2009-01-23,600740,2.5,2.44,2.53,2.4,176519,95296004.0,5.18,-2.79,-0.07,4.2
2009-02-02,600740,2.47,2.45,2.47,2.37,137955,74057013.0,4.1,0.41,0.01,3.28
2009-02-03,600740,2.45,2.77,2.77,2.43,817565,477334342.0,13.88,13.06,0.32,19.45
2009-02-04,600740,2.77,2.9,2.91,2.73,810698,488953627.0,6.5,4.69,0.13,19.29
2009-02-05,600740,2.9,2.81,2.97,2.77,547572,335843554.0,6.9,-3.1,-0.09,13.03
2009-02-06,600740,2.81,2.95,3.01,2.81,440048,271487704.0,7.12,4.98,0.14,10.47
2009-02-09,600740,2.98,3.09,3.14,2.96,519283,333718940.0,6.1,4.75,0.14,12.36
2009-02-10,600740,3.08,3.15,3.16,2.97,395516,254708632.0,6.15,1.94,0.06,9.41
2009-02-11,600740,3.08,3.06,3.18,3.0,451378,292345139.0,5.71,-2.86,-0.09,10.74
2009-02-12,600740,3.05,2.96,3.08,2.82,347568,216082168.0,8.5,-3.27,-0.1,8.27
2009-02-13,600740,2.94,3.11,3.14,2.89,448472,286124258.0,8.45,5.07,0.15,10.67
2009-02-16,600740,3.2,3.27,3.29,3.1,498427,332073923.0,6.11,5.14,0.16,11.86
2009-02-17,600740,3.29,3.5,3.67,3.29,977122,708497029.0,11.62,7.03,0.23,23.25
2009-02-18,600740,3.37,3.17,3.44,3.14,509807,348018284.0,8.57,-9.43,-0.33,12.13
2009-02-19,600740,3.25,3.19,3.27,3.07,329148,217466675.0,6.31,0.63,0.02,7.83
2009-02-20,600740,3.23,3.43,3.46,3.18,410897,282896465.0,8.78,7.52,0.24,9.78
2009-02-24,600740,3.3,3.22,3.49,3.21,561873,387808102.0,8.16,-6.12,-0.21,13.37
2009-02-25,600740,3.24,3.06,3.3,2.95,376225,242847222.0,10.87,-4.97,-0.16,8.95
2009-02-26,600740,3.07,2.76,3.17,2.68,249832,156866337.0,16.01,-9.8,-0.3,5.94
2009-02-27,600740,2.7,2.47,2.79,2.43,247498,138279791.0,13.04,-10.51,-0.29,5.89
2009-03-02,600740,2.39,2.54,2.56,2.38,151625,83536190.0,7.29,2.83,0.07,3.61
2009-03-03,600740,2.45,2.5,2.55,2.38,161152,87630865.0,6.69,-1.57,-0.04,3.83
2009-03-04,600740,2.52,2.83,2.83,2.51,361033,212570598.0,12.8,13.2,0.33,8.59
2009-03-05,600740,2.9,2.84,2.94,2.73,375326,228557122.0,7.42,0.35,0.01,8.93
2009-03-06,600740,2.73,2.85,2.95,2.7,237224,144363283.0,8.8,0.35,0.01,5.64
2009-03-09,600740,2.89,2.61,2.93,2.58,232819,138265429.0,12.28,-8.42,-0.24,5.54
2009-03-10,600740,2.5,2.71,2.72,2.44,172038,96485501.0,10.73,3.83,0.1,4.09
2009-03-11,600740,2.76,2.62,2.76,2.6,207516,120203998.0,5.9,-3.32,-0.09,4.94
2009-03-12,600740,2.56,2.57,2.6,2.46,143864,79591472.0,5.34,-1.91,-0.05,3.42
2009-03-13,600740,2.63,2.54,2.69,2.51,128094,72774578.0,7.0,-1.17,-0.03,3.05
2009-03-16,600740,2.51,2.55,2.56,2.45,93407,51529125.0,4.33,0.39,0.01,2.22
2009-03-17,600740,2.53,2.68,2.72,2.48,206580,117887749.0,9.41,5.1,0.13,4.92
2009-03-18,600740,2.69,2.93,2.98,2.69,452705,274686904.0,10.82,9.33,0.25,10.77
2009-03-19,600740,2.95,3.1,3.18,2.89,567749,362138217.0,9.9,5.8,0.17,13.51
2009-03-20,600740,3.11,3.05,3.17,2.98,430641,278659704.0,6.13,-1.61,-0.05,10.25
2009-03-23,600740,3.02,3.06,3.15,2.96,342401,220202522.0,6.23,0.33,0.01,8.15
2009-03-24,600740,3.1,3.04,3.12,2.98,254769,162999042.0,4.58,-0.65,-0.02,6.06
2009-03-25,600740,3.02,2.92,3.14,2.92,306150,196999089.0,7.24,-3.95,-0.12,7.28
2009-03-26,600740,2.91,3.0,3.01,2.8,272060,168393884.0,7.19,2.74,0.08,6.47
2009-03-27,600740,3.0,2.99,3.05,2.93,234104,147870977.0,4.0,-0.33,-0.01,5.57
2009-03-30,600740,3.02,2.99,3.09,2.96,182936,116523917.0,4.35,0.0,0.0,4.35
2009-04-01,600740,3.01,3.18,3.27,3.01,504530,331788964.0,8.7,6.35,0.19,12.0
2009-04-02,600740,3.17,3.11,3.2,3.05,416937,272725547.0,4.72,-2.2,-0.07,9.92
2009-04-03,600740,3.11,3.02,3.21,3.0,340252,222373336.0,6.75,-2.89,-0.09,8.1
2009-04-07,600740,3.01,3.12,3.13,2.95,236868,151116569.0,5.96,3.31,0.1,5.64
2009-04-08,600740,3.07,2.91,3.11,2.91,220876,140338851.0,6.41,-6.73,-0.21,5.26
2009-04-09,600740,2.89,2.92,2.95,2.82,173260,106351345.0,4.47,0.34,0.01,4.12
2009-04-10,600740,2.92,3.01,3.05,2.89,265221,167318844.0,5.48,3.08,0.09,6.31
2009-04-13,600740,3.03,3.15,3.23,3.03,501531,330759550.0,6.64,4.65,0.14,11.93
2009-04-14,600740,3.15,3.11,3.15,3.02,301435,195111429.0,4.13,-1.27,-0.04,7.17
2009-04-15,600740,3.07,3.3,3.31,3.04,538713,358733868.0,8.68,6.11,0.19,12.82
2009-04-16,600740,3.27,3.19,3.28,3.11,384113,256367359.0,5.15,-3.33,-0.11,9.14
2009-04-17,600740,3.18,3.08,3.18,3.01,262918,170012512.0,5.33,-3.45,-0.11,6.26
2009-04-20,600740,3.04,3.17,3.21,3.04,272471,179084643.0,5.52,2.92,0.09,6.48
2009-04-21,600740,3.12,3.11,3.14,3.01,245797,159428780.0,4.1,-1.89,-0.06,5.85
2009-04-22,600740,3.14,2.98,3.22,2.96,268297,175044119.0,8.36,-4.18,-0.13,6.38
2009-04-23,600740,2.95,2.95,2.99,2.86,172810,107170811.0,4.36,-1.01,-0.03,4.11
2009-04-24,600740,2.95,2.88,2.96,2.86,143544,88395172.0,3.39,-2.37,-0.07,3.42
2009-04-27,600740,2.89,2.67,2.9,2.65,164610,96817183.0,8.68,-7.29,-0.21,3.92
2009-04-28,600740,2.65,2.74,2.76,2.62,105025,61401794.0,5.24,2.62,0.07,2.5
2009-04-29,600740,2.73,2.8,2.84,2.7,131735,78786282.0,5.11,2.19,0.06,3.13
2009-04-30,600740,2.85,2.83,2.93,2.8,132047,80547426.0,4.64,1.07,0.03,3.14
2009-05-04,600740,2.86,3.2,3.2,2.83,420092,273097085.0,13.07,13.07,0.37,10.0
2009-05-05,600740,3.25,3.38,3.48,3.25,924164,642201850.0,7.19,5.63,0.18,21.99
2009-05-06,600740,3.31,3.57,3.75,3.29,734148,530354057.0,13.61,5.62,0.19,17.47
2009-05-07,600740,3.56,3.74,3.75,3.38,705319,512218686.0,10.36,4.76,0.17,16.78
2009-05-08,600740,3.63,3.69,3.94,3.57,792129,609333013.0,9.89,-1.34,-0.05,18.85
2009-05-11,600740,3.63,3.37,3.63,3.36,498485,354947400.0,7.32,-8.67,-0.32,10.91
2009-05-12,600740,3.31,3.5,3.51,3.31,291885,207005905.0,5.93,3.86,0.13,6.39
2009-05-13,600740,3.54,3.59,3.75,3.54,478544,356198844.0,6.0,2.57,0.09,10.48
2009-05-14,600740,3.51,3.59,3.69,3.44,311718,226876233.0,6.96,0.0,0.0,6.82
2009-05-15,600740,3.59,3.5,3.62,3.46,219560,158313244.0,4.46,-2.51,-0.09,4.81
2009-05-18,600740,3.48,3.66,3.71,3.38,351859,255936446.0,9.43,4.57,0.16,7.7
2009-05-19,600740,3.66,3.63,3.8,3.58,399315,298999133.0,6.01,-0.82,-0.03,8.74
2009-05-20,600740,3.63,3.88,4.04,3.59,754945,589878143.0,12.4,6.89,0.25,16.53
2009-05-21,600740,3.75,4.07,4.22,3.75,797238,649009805.0,12.11,4.9,0.19,17.45
2009-05-22,600740,4.01,3.94,4.09,3.86,359576,286849704.0,5.65,-3.19,-0.13,7.87
2009-05-25,600740,3.75,3.91,3.97,3.63,308512,236023216.0,8.63,-0.76,-0.03,6.75
2009-05-26,600740,3.87,3.68,3.95,3.67,336369,256559266.0,7.16,-5.88,-0.23,7.36
2009-05-27,600740,3.69,3.65,3.76,3.58,187690,140232459.0,4.89,-0.82,-0.03,4.11
2009-06-01,600740,3.73,3.78,3.84,3.71,275706,211007904.0,3.56,3.56,0.13,6.04
2009-06-02,600740,3.79,3.72,3.83,3.67,225338,170863096.0,4.23,-1.59,-0.06,4.93
2009-06-03,600740,3.71,3.75,3.79,3.66,183528,138965206.0,3.49,0.81,0.03,4.02
2009-06-04,600740,3.79,3.94,4.13,3.78,546511,435994703.0,9.33,5.07,0.19,11.96
2009-06-05,600740,4.04,3.89,4.07,3.88,374395,299576820.0,4.82,-1.27,-0.05,8.2
2009-06-08,600740,3.9,3.8,3.94,3.72,198087,152052563.0,5.66,-2.31,-0.09,4.34
2009-06-09,600740,3.88,3.92,4.0,3.8,267320,210232343.0,5.26,3.16,0.12,5.85
2009-06-10,600740,3.99,3.89,4.0,3.82,192787,151006772.0,4.59,-0.77,-0.03,4.22
2009-06-11,600740,3.9,3.81,3.94,3.8,157209,121910046.0,3.6,-2.06,-0.08,3.44
2009-06-12,600740,3.79,3.65,3.8,3.63,196185,147636376.0,4.46,-4.2,-0.16,4.29
2009-06-15,600740,3.62,3.67,3.67,3.53,135835,99595055.0,3.84,0.55,0.02,2.97
2009-06-16,600740,3.62,3.64,3.71,3.57,106408,79055959.0,3.81,-0.82,-0.03,2.33
2009-06-17,600740,3.64,3.68,3.69,3.57,122733,90736820.0,3.3,1.1,0.04,2.69
2009-06-18,600740,3.69,3.93,4.1,3.69,450111,356206108.0,11.14,6.79,0.25,9.85
2009-06-19,600740,3.86,3.84,3.95,3.79,263531,205239631.0,4.07,-2.29,-0.09,5.77
2009-06-22,600740,3.84,3.78,3.86,3.75,165044,126673567.0,2.86,-1.56,-0.06,3.61
2009-06-23,600740,3.72,3.7,3.77,3.65,134206,100901994.0,3.17,-2.12,-0.08,2.94
2009-06-24,600740,3.7,3.88,3.88,3.69,204813,157809969.0,5.14,4.86,0.18,4.48
2009-06-25,600740,3.97,3.84,4.01,3.8,296255,233186230.0,5.41,-1.03,-0.04,6.48
2009-06-26,600740,3.9,4.04,4.1,3.86,519217,417795367.0,6.25,5.21,0.2,11.37
2009-06-29,600740,4.05,4.13,4.21,3.92,490018,400344348.0,7.18,2.23,0.09,10.73
2009-06-30,600740,4.19,4.0,4.2,3.96,335838,273660690.0,5.81,-3.15,-0.13,7.35
2009-07-01,600740,4.01,3.98,4.04,3.91,227820,181639377.0,3.25,-0.5,-0.02,4.99
2009-07-02,600740,3.98,4.01,4.07,3.95,280860,225976181.0,3.02,0.75,0.03,6.15
2009-07-03,600740,4.01,4.26,4.28,3.96,628731,520875014.0,7.98,6.23,0.25,13.76
2009-07-06,600740,4.22,4.23,4.37,4.12,529963,447284354.0,5.87,-0.7,-0.03,11.6
2009-07-07,600740,4.24,4.25,4.35,4.1,477197,401602729.0,5.91,0.47,0.02,10.45
2009-07-08,600740,4.2,4.18,4.24,4.05,351615,290404334.0,4.47,-1.65,-0.07,7.7
2009-07-09,600740,4.17,4.19,4.27,4.08,328266,273131168.0,4.55,0.24,0.01,7.19
2009-07-10,600740,4.22,4.25,4.35,4.17,363011,308108285.0,4.3,1.43,0.06,7.95
2009-07-13,600740,4.21,4.09,4.21,4.02,337081,277433004.0,4.47,-3.76,-0.16,7.38
2009-07-14,600740,4.1,4.13,4.18,4.07,217330,178817888.0,2.69,0.98,0.04,4.76
2009-07-15,600740,4.14,4.39,4.49,4.11,676115,577312877.0,9.2,6.3,0.26,14.8
2009-07-16,600740,4.41,4.37,4.63,4.34,635976,563427117.0,6.61,-0.46,-0.02,13.92
2009-07-17,600740,4.34,4.75,4.81,4.29,597662,539341359.0,11.9,8.7,0.38,13.08
2009-07-20,600740,4.78,5.3,5.3,4.78,818880,814659660.0,10.95,11.58,0.55,17.93
2009-07-21,600740,5.39,5.05,5.46,4.95,673235,675576599.0,9.62,-4.72,-0.25,14.74
2009-07-22,600740,4.99,5.28,5.46,4.94,549267,561362944.0,10.3,4.55,0.23,12.02
2009-07-23,600740,5.22,5.24,5.34,5.11,294377,297149457.0,4.36,-0.76,-0.04,6.44
2009-07-24,600740,5.24,5.49,5.75,5.22,584519,616737310.0,10.11,4.77,0.25,12.8
2009-07-27,600740,5.51,5.62,5.64,5.34,470284,498322619.0,5.46,2.37,0.13,10.29
2009-07-28,600740,5.57,5.63,5.8,5.45,354844,381182685.0,6.23,0.18,0.01,7.77
2009-07-29,600740,5.56,5.05,5.57,4.99,394650,401428924.0,10.3,-10.3,-0.58,8.64
2009-07-30,600740,4.96,5.14,5.24,4.68,295334,285643642.0,11.09,1.78,0.09,6.46
2009-07-31,600740,5.14,5.47,5.49,5.14,354282,363841422.0,6.81,6.42,0.33,7.76
2009-08-03,600740,5.48,5.93,6.05,5.44,565778,626165432.0,11.15,8.41,0.46,12.38
2009-08-04,600740,5.95,6.41,6.44,5.71,637638,744224133.0,12.31,8.09,0.48,13.96
2009-08-05,600740,6.34,6.17,6.34,5.96,391284,457455578.0,5.93,-3.74,-0.24,8.57
2009-08-06,600740,6.05,5.81,6.05,5.79,260155,291964140.0,4.21,-5.83,-0.36,5.69
2009-08-07,600740,5.75,5.78,6.11,5.7,294489,331016716.0,7.06,-0.52,-0.03,6.45
2009-08-10,600740,5.96,5.87,6.03,5.62,213287,237610209.0,7.09,1.56,0.09,4.67
2009-08-11,600740,5.95,5.81,5.99,5.67,178523,198358479.0,5.45,-1.02,-0.06,3.91
2009-08-12,600740,5.79,5.2,5.79,5.15,254494,263072113.0,11.02,-10.5,-0.61,5.57
2009-08-13,600740,5.2,5.3,5.37,4.92,220071,222030100.0,8.65,1.92,0.1,4.82
2009-08-14,600740,5.31,5.05,5.4,4.99,195065,196250061.0,7.74,-4.72,-0.25,4.27
2009-08-17,600740,4.89,4.47,4.89,4.47,200001,181427784.0,8.32,-11.49,-0.58,4.38
2009-08-18,600740,4.29,4.64,4.69,4.21,201197,176189668.0,10.74,3.8,0.17,4.4
2009-08-19,600740,4.66,4.15,4.66,4.1,221527,190017785.0,12.07,-10.56,-0.49,4.85
2009-08-20,600740,4.18,4.46,4.51,4.18,265919,229684001.0,7.95,7.47,0.31,5.82
2009-08-21,600740,4.45,4.6,4.62,4.28,241194,213199605.0,7.62,3.14,0.14,5.28
2009-08-24,600740,4.6,4.68,4.75,4.51,212139,193669436.0,5.22,1.74,0.08,4.64
2009-08-25,600740,4.57,4.43,4.63,4.22,192765,167223804.0,8.76,-5.34,-0.25,4.22
2009-08-26,600740,4.37,4.48,4.56,4.26,188878,166447310.0,6.77,1.13,0.05,4.13
2009-08-27,600740,4.47,4.52,4.6,4.37,148701,132128032.0,5.13,0.89,0.04,3.26
2009-08-28,600740,4.54,4.34,4.65,4.31,160030,140496574.0,7.52,-3.98,-0.18,3.5
2009-08-31,600740,4.21,3.83,4.22,3.83,187895,148249241.0,8.99,-11.75,-0.51,4.11
2009-09-01,600740,3.69,3.54,3.82,3.44,257669,188800465.0,9.92,-7.57,-0.29,5.64
2009-09-02,600740,3.59,3.59,3.66,3.51,196954,144415309.0,4.24,1.41,0.05,4.31
2009-09-03,600740,3.59,3.89,3.92,3.53,337360,256766371.0,10.86,8.36,0.3,7.38
2009-09-07,600740,3.9,3.98,4.08,3.89,326948,261102098.0,4.88,2.31,0.09,7.16
2009-09-08,600740,3.92,4.1,4.14,3.8,297795,239410722.0,8.54,3.02,0.12,6.52
2009-09-09,600740,4.12,4.15,4.22,4.03,289134,238201857.0,4.63,1.22,0.05,6.33
2009-09-10,600740,4.14,4.08,4.18,4.04,182344,150060073.0,3.37,-1.69,-0.07,3.99
2009-09-11,600740,4.05,4.21,4.26,4.04,240634,200601225.0,5.39,3.19,0.13,5.27
2009-09-14,600740,4.2,4.32,4.36,4.15,243596,205926552.0,4.99,2.61,0.11,5.33
2009-09-15,600740,4.33,4.66,4.66,4.33,434381,387236340.0,7.64,7.87,0.34,9.51
2009-09-16,600740,4.62,4.53,4.62,4.4,303007,269647076.0,4.72,-2.79,-0.13,6.63
2009-09-17,600740,4.54,4.57,4.64,4.53,212893,191811385.0,2.43,0.88,0.04,4.66
2009-09-18,600740,4.59,4.37,4.66,4.26,227890,202540757.0,8.75,-4.38,-0.2,4.99
2009-09-21,600740,4.31,4.34,4.36,4.05,150223,125934844.0,7.09,-0.69,-0.03,3.29
2009-09-22,600740,4.33,4.09,4.36,4.07,174724,145552222.0,6.68,-5.76,-0.25,3.82
2009-09-23,600740,4.09,3.92,4.17,3.86,118910,95903854.0,7.58,-4.16,-0.17,2.6
2009-09-24,600740,3.92,3.91,3.99,3.69,116656,90541045.0,7.65,-0.26,-0.01,2.55
2009-09-25,600740,3.86,3.86,3.94,3.77,67418,52378427.0,4.35,-1.28,-0.05,1.48
2009-09-28,600740,3.85,3.67,3.94,3.66,71182,54871271.0,7.25,-4.92,-0.19,1.56
2009-09-29,600740,3.67,3.57,3.73,3.47,74552,54618219.0,7.08,-2.72,-0.1,1.63
2009-09-30,600740,3.63,3.65,3.69,3.6,63293,47085040.0,2.52,2.24,0.08,1.39
2009-10-09,600740,3.8,4.08,4.08,3.75,146961,116936790.0,9.04,11.78,0.43,3.22
2009-10-12,600740,4.13,3.99,4.14,3.95,106691,86252928.0,4.66,-2.21,-0.09,2.34
2009-10-13,600740,3.96,4.16,4.25,3.95,146200,120922303.0,7.52,4.26,0.17,3.2
2009-10-14,600740,4.18,4.19,4.31,4.15,158631,133279637.0,3.85,0.72,0.03,3.47
2009-10-15,600740,4.23,4.18,4.3,4.14,110040,92175217.0,3.82,-0.24,-0.01,2.41
2009-10-16,600740,4.24,4.19,4.27,4.1,138811,115605714.0,4.07,0.24,0.01,3.04
2009-10-19,600740,4.2,4.37,4.39,4.13,230970,196448655.0,6.21,4.3,0.18,5.06
2009-10-20,600740,4.41,4.48,4.51,4.28,259332,225110299.0,5.26,2.52,0.11,5.68
2009-10-21,600740,4.44,4.37,4.46,4.36,170566,148645653.0,2.23,-2.46,-0.11,3.73
2009-10-22,600740,4.37,4.32,4.44,4.31,133565,115120076.0,2.97,-1.14,-0.05,2.92
2009-10-23,600740,4.32,4.71,4.83,4.31,557386,509136586.0,12.04,9.03,0.39,12.2
2009-10-26,600740,4.67,4.62,4.69,4.54,335001,303019973.0,3.18,-1.91,-0.09,7.33
2009-10-27,600740,4.5,4.3,4.51,4.28,260724,226609967.0,4.98,-6.93,-0.32,5.71
2009-10-28,600740,4.28,4.37,4.43,4.24,186510,161034228.0,4.42,1.63,0.07,4.08
2009-10-29,600740,4.22,4.16,4.27,4.14,130968,109640233.0,2.97,-4.81,-0.21,2.87
2009-10-30,600740,4.28,4.21,4.31,4.19,115931,98007900.0,2.88,1.2,0.05,2.54
2009-11-02,600740,4.09,4.34,4.35,3.98,166588,139664863.0,8.79,3.09,0.13,3.65
2009-11-03,600740,4.34,4.4,4.42,4.31,205398,178197412.0,2.53,1.38,0.06,4.5
2009-11-04,600740,4.4,4.43,4.49,4.36,172933,151355696.0,2.95,0.68,0.03,3.79
2009-11-05,600740,4.47,4.56,4.6,4.4,253765,225548184.0,4.51,2.93,0.13,5.55
2009-11-06,600740,4.56,4.54,4.62,4.51,226248,202945087.0,2.41,-0.44,-0.02,4.95
2009-11-09,600740,4.53,4.54,4.56,4.46,167461,148531329.0,2.2,0.0,0.0,3.67
2009-11-10,600740,4.62,4.52,4.66,4.5,182441,164228762.0,3.52,-0.44,-0.02,3.99
2009-11-11,600740,4.51,4.47,4.54,4.4,121593,107313278.0,3.1,-1.11,-0.05,2.66
2009-11-12,600740,4.49,4.53,4.6,4.49,182075,163186129.0,2.46,1.34,0.06,3.99
2009-11-13,600740,4.5,4.54,4.54,4.41,137131,121018365.0,2.87,0.22,0.01,3.0
2009-11-16,600740,4.57,5.07,5.07,4.57,607610,583807184.0,11.01,11.67,0.53,13.3
2009-11-17,600740,5.24,5.11,5.25,5.05,709576,704816416.0,3.94,0.79,0.04,15.53
2009-11-18,600740,5.11,5.44,5.68,5.11,573516,601060463.0,11.15,6.46,0.33,12.55
2009-11-19,600740,5.44,5.52,5.52,5.27,369949,383954632.0,4.6,1.47,0.08,8.1
2009-11-20,600740,5.46,5.38,5.46,5.31,246572,255810880.0,2.72,-2.54,-0.14,5.4
2009-11-23,600740,5.39,5.4,5.46,5.29,259180,267568574.0,3.16,0.37,0.02,5.67
2009-11-24,600740,5.41,5.14,5.62,5.07,394876,407976961.0,10.19,-4.81,-0.26,8.64
2009-11-25,600740,5.05,5.27,5.28,4.99,255530,255211285.0,5.64,2.53,0.13,5.59
2009-11-26,600740,5.27,4.98,5.37,4.93,255702,255829279.0,8.35,-5.5,-0.29,5.6
2009-11-27,600740,4.89,4.67,4.92,4.65,189914,177000570.0,5.42,-6.22,-0.31,4.16
2009-11-30,600740,4.75,4.99,5.01,4.7,172527,163613457.0,6.64,6.85,0.32,3.78
2009-12-01,600740,4.98,5.09,5.12,4.9,175922,171658923.0,4.41,2.0,0.1,3.85
2009-12-02,600740,5.15,5.26,5.28,5.09,247756,249022842.0,3.73,3.34,0.17,5.42
2009-12-03,600740,5.2,5.27,5.28,5.11,192104,193219834.0,3.23,0.19,0.01,4.21
2009-12-04,600740,5.28,5.31,5.49,5.11,411721,422965609.0,7.21,0.76,0.04,9.01
2009-12-07,600740,5.31,5.33,5.43,5.24,198215,203838382.0,3.58,0.38,0.02,4.34
2009-12-08,600740,5.4,5.27,5.43,5.15,192135,195640591.0,5.25,-1.13,-0.06,4.21
2009-12-09,600740,5.16,5.1,5.22,5.08,131952,131522353.0,2.66,-3.23,-0.17,2.89
2009-12-10,600740,5.11,5.14,5.22,5.08,78614,78219820.0,2.75,0.78,0.04,1.72
2009-12-11,600740,5.22,5.14,5.25,5.09,92315,92291445.0,3.11,0.0,0.0,2.02
2009-12-14,600740,5.14,5.1,5.15,4.91,105011,102537282.0,4.67,-0.78,-0.04,2.3
2009-12-15,600740,5.11,5.12,5.17,5.04,86352,85577526.0,2.55,0.39,0.02,1.89
2009-12-16,600740,5.12,5.08,5.2,5.05,107060,106377864.0,2.93,-0.78,-0.04,2.34
2009-12-17,600740,5.09,4.94,5.15,4.87,102023,98456448.0,5.51,-2.76,-0.14,2.23
2009-12-18,600740,4.96,4.69,4.96,4.67,94472,87811220.0,5.87,-5.06,-0.25,2.07
2009-12-21,600740,4.65,4.72,4.75,4.63,52971,48624536.0,2.56,0.64,0.03,1.16
2009-12-22,600740,4.72,4.43,4.74,4.4,75004,67279807.0,7.2,-6.14,-0.29,1.64
2009-12-23,600740,4.44,4.5,4.54,4.43,60491,53550480.0,2.48,1.58,0.07,1.32
2009-12-24,600740,4.57,4.78,4.79,4.51,102722,94394679.0,6.22,6.22,0.28,2.25
2009-12-25,600740,4.8,4.73,4.8,4.69,66384,61473542.0,2.3,-1.05,-0.05,1.45
2009-12-28,600740,4.75,4.79,4.87,4.75,73723,69165383.0,2.54,1.27,0.06,1.61
2009-12-29,600740,4.8,4.78,4.81,4.67,60783,56340449.0,2.92,-0.21,-0.01,1.33
2009-12-30,600740,4.8,4.77,4.82,4.71,83564,77737789.0,2.3,-0.21,-0.01,1.83
2009-12-31,600740,4.79,4.79,4.8,4.72,75185,70093407.0,1.68,0.42,0.02,1.65
2010-01-04,600740,4.86,4.76,4.86,4.74,61879,57961168.0,2.51,-0.63,-0.03,1.35
2010-01-05,600740,4.81,5.28,5.31,4.81,443450,440792268.0,10.5,10.92,0.52,9.71
2010-01-06,600740,5.22,5.15,5.28,5.11,300003,301995078.0,3.22,-2.46,-0.13,6.57
2010-01-07,600740,5.2,5.02,5.28,4.96,188112,186664862.0,6.21,-2.52,-0.13,4.12
2010-01-08,600740,4.95,4.99,5.04,4.82,130210,125090413.0,4.38,-0.6,-0.03,2.85
2010-01-11,600740,5.14,4.95,5.15,4.86,116217,112060250.0,5.81,-0.8,-0.04,2.54
2010-01-12,600740,4.96,5.02,5.04,4.79,136853,132276745.0,5.05,1.41,0.07,3.0
2010-01-13,600740,4.92,5.03,5.15,4.84,225172,220602283.0,6.18,0.2,0.01,4.93
2010-01-14,600740,4.99,5.11,5.17,4.88,204735,200432052.0,5.77,1.59,0.08,4.48
2010-01-15,600740,5.05,5.08,5.14,5.02,136325,134311852.0,2.35,-0.59,-0.03,2.98
2010-01-18,600740,5.07,5.03,5.07,4.92,108040,105060995.0,2.95,-0.98,-0.05,2.36
2010-01-19,600740,5.04,4.99,5.15,4.97,200582,196568052.0,3.58,-0.8,-0.04,4.39
2010-01-20,600740,5.0,4.74,5.03,4.69,177553,167658028.0,6.81,-5.01,-0.25,3.89
2010-01-21,600740,4.74,4.69,4.78,4.62,102241,93883548.0,3.38,-1.05,-0.05,2.24
2010-01-22,600740,4.62,4.53,4.63,4.44,109499,97548657.0,4.05,-3.41,-0.16,2.4
2010-01-25,600740,4.51,4.52,4.6,4.46,48285,43192989.0,3.09,-0.22,-0.01,1.06
2010-01-26,600740,4.55,4.27,4.57,4.24,64273,55576421.0,7.3,-5.53,-0.25,1.41
2010-01-27,600740,4.25,4.12,4.3,4.01,93973,77976119.0,6.79,-3.51,-0.15,2.06
2010-01-28,600740,4.12,4.12,4.16,4.04,68506,56240561.0,2.91,0.0,0.0,1.5
2010-01-29,600740,4.09,4.08,4.16,4.02,71250,58461105.0,3.4,-0.97,-0.04,1.56
2010-02-01,600740,4.07,3.9,4.08,3.86,70391,55662797.0,5.39,-4.41,-0.18,1.54
2010-02-02,600740,3.94,3.95,4.07,3.92,72285,58075170.0,3.85,1.28,0.05,1.58
2010-02-03,600740,3.98,4.23,4.3,3.86,121357,99467463.0,11.14,7.09,0.28,2.66
2010-02-04,600740,4.14,4.15,4.22,4.11,79890,66264959.0,2.6,-1.89,-0.08,1.75
2010-02-05,600740,4.02,3.98,4.04,3.92,72499,57908630.0,2.89,-4.1,-0.17,1.59
2010-02-08,600740,3.94,4.02,4.09,3.94,43570,35061271.0,3.77,1.01,0.04,0.95
2010-02-09,600740,4.01,4.05,4.09,3.99,36759,29784935.0,2.49,0.75,0.03,0.8
2010-02-10,600740,4.11,4.14,4.19,4.1,46419,38298620.0,2.22,2.22,0.09,1.02
2010-02-11,600740,4.15,4.09,4.15,4.09,34635,28482876.0,1.45,-1.21,-0.05,0.76
2010-02-12,600740,4.13,4.21,4.27,4.11,54453,45381160.0,3.91,2.93,0.12,1.19
2010-02-22,600740,4.24,4.19,4.33,4.19,67068,56765210.0,3.33,-0.48,-0.02,1.47
2010-02-23,600740,4.19,4.09,4.19,4.03,51675,42101240.0,3.82,-2.39,-0.1,1.13
2010-02-24,600740,4.09,4.25,4.27,4.02,75091,62657552.0,6.11,3.91,0.16,1.64
2010-02-25,600740,4.24,4.29,4.31,4.21,99439,84304746.0,2.35,0.94,0.04,2.18
2010-02-26,600740,4.27,4.22,4.3,4.21,61003,51484215.0,2.1,-1.63,-0.07,1.34
2010-03-01,600740,4.22,4.3,4.32,4.19,81219,69097611.0,3.08,1.9,0.08,1.78
2010-03-02,600740,4.3,4.24,4.34,4.21,75881,64181615.0,3.02,-1.4,-0.06,1.66
2010-03-03,600740,4.25,4.43,4.56,4.17,162921,140824715.0,9.2,4.48,0.19,3.57
2010-03-04,600740,4.39,4.2,4.39,4.18,110368,94200374.0,4.74,-5.19,-0.23,2.42
2010-03-05,600740,4.18,4.21,4.3,4.18,50555,42499033.0,2.86,0.24,0.01,1.11
2010-03-08,600740,4.24,4.27,4.31,4.22,51419,43603532.0,2.14,1.43,0.06,1.13
2010-03-09,600740,4.25,4.42,4.57,4.2,228712,200273064.0,8.67,3.51,0.15,5.01
2010-03-10,600740,4.37,4.3,4.39,4.28,99798,85530990.0,2.49,-2.71,-0.12,2.18
2010-03-11,600740,4.31,4.26,4.35,4.22,61392,52100419.0,3.02,-0.93,-0.04,1.34
2010-03-12,600740,4.29,4.2,4.36,4.2,63114,53369440.0,3.76,-1.41,-0.06,1.38
2010-03-15,600740,4.22,4.08,4.22,4.05,54999,45169645.0,4.05,-2.86,-0.12,1.2
2010-03-16,600740,4.08,4.09,4.12,4.03,32818,26747939.0,2.21,0.25,0.01,0.72
2010-03-17,600740,4.12,4.2,4.21,4.1,51278,42564125.0,2.69,2.69,0.11,1.12
2010-03-18,600740,4.2,4.24,4.34,4.18,88096,74445596.0,3.81,0.95,0.04,1.93
2010-03-19,600740,4.22,4.28,4.33,4.21,77242,65708149.0,2.83,0.94,0.04,1.69
2010-03-22,600740,4.28,4.28,4.31,4.25,54542,46407047.0,1.4,0.0,0.0,1.19
2010-03-23,600740,4.29,4.26,4.37,4.25,84915,72561175.0,2.8,-0.47,-0.02,1.86
2010-03-24,600740,4.31,4.22,4.32,4.2,60158,50899893.0,2.82,-0.94,-0.04,1.32
2010-03-25,600740,4.18,4.1,4.2,4.07,59667,49104087.0,3.08,-2.84,-0.12,1.31
2010-03-26,600740,4.08,4.15,4.17,4.08,42682,35237336.0,2.2,1.22,0.05,0.93
2010-03-29,600740,4.14,4.28,4.34,4.12,124351,105763820.0,5.3,3.13,0.13,2.72
2010-03-31,600740,4.03,4.03,4.03,4.03,52125,42117000.0,0.0,-5.84,-0.25,1.14
2010-04-01,600740,3.79,4.07,4.14,3.79,765342,601764678.0,8.68,0.99,0.04,16.75
2010-04-02,600740,3.87,3.88,3.94,3.85,490621,385001478.0,2.21,-4.67,-0.19,10.74
2010-04-06,600740,3.89,3.95,3.97,3.88,259214,204648298.0,2.32,1.8,0.07,5.67
2010-04-07,600740,3.97,3.93,3.97,3.91,146287,115581794.0,1.52,-0.51,-0.02,3.2
2010-04-08,600740,3.94,3.89,3.95,3.88,141288,110990479.0,1.78,-1.02,-0.04,3.09
2010-04-09,600740,3.89,3.95,3.98,3.89,218823,173449855.0,2.31,1.54,0.06,4.79
2010-04-12,600740,3.96,3.91,3.96,3.88,164162,129211694.0,2.03,-1.01,-0.04,3.59
2010-04-13,600740,3.9,3.86,3.95,3.76,189272,147875591.0,4.86,-1.28,-0.05,4.14
2010-04-14,600740,3.86,3.88,3.89,3.82,133120,103452903.0,1.81,0.52,0.02,2.91
2010-04-15,600740,3.87,3.92,3.96,3.86,307922,243361434.0,2.58,1.03,0.04,6.74
2010-04-16,600740,3.93,3.83,3.94,3.8,130958,101938004.0,3.57,-2.3,-0.09,2.87
2010-04-19,600740,3.8,3.6,3.8,3.6,159720,118966400.0,5.22,-6.01,-0.23,3.5
2010-04-20,600740,3.53,3.44,3.63,3.38,147436,104836929.0,6.94,-4.44,-0.16,3.23
2010-04-21,600740,3.42,3.55,3.55,3.42,105253,75335218.0,3.78,3.2,0.11,2.3
2010-04-22,600740,3.53,3.48,3.53,3.46,79372,56946257.0,1.97,-1.97,-0.07,1.74
2010-04-26,600740,3.51,3.5,3.59,3.46,70728,50634734.0,3.74,0.57,0.02,1.55
2010-04-27,600740,3.45,3.3,3.52,3.28,100629,69176639.0,6.86,-5.71,-0.2,2.2
2010-04-28,600740,3.27,3.36,3.38,3.14,84157,57620093.0,7.27,1.82,0.06,1.84
2010-04-29,600740,3.36,3.41,3.48,3.33,175759,123846983.0,4.46,1.49,0.05,3.85
2010-04-30,600740,3.41,3.42,3.47,3.4,154426,109198923.0,2.05,0.29,0.01,3.38
2010-05-04,600740,3.41,3.42,3.49,3.34,172101,122084727.0,4.39,0.0,0.0,3.77
2010-05-05,600740,3.43,3.46,3.5,3.41,213627,152152766.0,2.63,1.17,0.04,4.68
2010-05-06,600740,3.46,3.46,3.57,3.45,219748,157788412.0,3.47,0.0,0.0,4.81
2010-05-07,600740,3.45,3.25,3.45,3.24,147210,100354198.0,6.07,-6.07,-0.21,3.22
2010-05-10,600740,3.21,3.35,3.36,3.15,96680,65755856.0,6.46,3.08,0.1,2.12
2010-05-11,600740,3.4,3.41,3.48,3.37,186798,131617652.0,3.28,1.79,0.06,4.09
2010-05-12,600740,3.41,3.41,3.46,3.4,181772,128417181.0,1.76,0.0,0.0,3.98
2010-05-13,600740,3.41,3.41,3.47,3.41,199177,140888177.0,1.76,0.0,0.0,4.36
2010-05-14,600740,3.43,3.45,3.5,3.41,304845,216986153.0,2.64,1.17,0.04,6.67
2010-05-17,600740,3.44,3.42,3.5,3.42,279925,198949811.0,2.32,-0.87,-0.03,6.13
2010-05-18,600740,3.43,3.21,3.45,3.21,313639,212152334.0,7.02,-6.14,-0.21,6.87
2010-05-19,600740,3.14,3.02,3.14,3.02,159456,101920502.0,3.74,-5.92,-0.19,3.49
2010-05-20,600740,2.85,2.83,2.9,2.83,197715,120247671.0,2.32,-6.29,-0.19,4.33
2010-05-21,600740,2.68,2.89,2.95,2.68,106463,63957800.0,9.54,2.12,0.06,2.33
2010-05-24,600740,2.85,3.08,3.08,2.85,198481,126358887.0,7.96,6.57,0.19,4.34
2010-05-25,600740,3.08,3.08,3.15,3.07,244551,159048531.0,2.6,0.0,0.0,5.35
2010-05-26,600740,3.08,3.08,3.12,3.07,177076,115242077.0,1.62,0.0,0.0,3.88
2010-05-27,600740,3.08,3.08,3.12,3.07,227744,148062110.0,1.62,0.0,0.0,4.99
2010-05-28,600740,3.09,3.08,3.18,3.08,264740,172767745.0,3.25,0.0,0.0,5.8
2010-05-31,600740,3.11,2.89,3.11,2.89,203178,127285251.0,7.14,-6.17,-0.19,4.45
2010-06-01,600740,2.77,2.71,2.8,2.71,140817,82861185.0,3.11,-6.23,-0.18,3.08
2010-06-02,600740,2.68,2.75,2.75,2.63,69199,40292187.0,4.43,1.48,0.04,1.51
2010-06-03,600740,2.76,2.67,2.78,2.67,70623,41612024.0,4.0,-2.91,-0.08,1.55
2010-06-04,600740,2.66,2.62,2.66,2.55,82068,46388109.0,4.12,-1.87,-0.05,1.8
2010-06-07,600740,2.54,2.46,2.54,2.46,116312,63433242.0,3.05,-6.11,-0.16,2.55
2010-06-08,600740,2.44,2.49,2.5,2.44,63794,34813390.0,2.44,1.22,0.03,1.4
2010-06-09,600740,2.5,2.6,2.62,2.49,100323,56133094.0,5.22,4.42,0.11,2.2
2010-06-10,600740,2.56,2.53,2.6,2.53,74428,41672537.0,2.69,-2.69,-0.07,1.63
2010-06-11,600740,2.56,2.55,2.57,2.53,54112,30214581.0,1.58,0.79,0.02,1.18
2010-06-17,600740,2.56,2.54,2.6,2.53,51369,28825541.0,2.75,-0.39,-0.01,1.12
2010-06-18,600740,2.55,2.58,2.68,2.54,111178,63429266.0,5.51,1.57,0.04,2.43
2010-06-21,600740,2.5,2.65,2.65,2.44,79537,45087142.0,8.14,2.71,0.07,1.74
2010-06-22,600740,2.63,2.62,2.66,2.6,55067,31423695.0,2.26,-1.13,-0.03,1.21
2010-06-23,600740,2.58,2.54,2.62,2.51,51601,28908527.0,4.2,-3.05,-0.08,1.13
2010-06-24,600740,2.54,2.56,2.63,2.51,48733,27236098.0,4.72,0.79,0.02,1.07
2010-06-25,600740,2.55,2.48,2.56,2.43,53016,29112610.0,5.08,-3.13,-0.08,1.16
2010-06-28,600740,2.48,2.4,2.51,2.37,46721,25128270.0,5.65,-3.23,-0.08,1.02
2010-06-29,600740,2.41,2.24,2.41,2.24,71298,36587144.0,7.08,-6.67,-0.16,1.56
2010-06-30,600740,2.16,2.11,2.17,2.09,59820,28815747.0,3.57,-5.8,-0.13,1.31
2010-07-01,600740,2.15,2.08,2.16,2.05,39557,19099536.0,5.21,-1.42,-0.03,0.87
2010-07-02,600740,2.03,2.11,2.14,1.94,72916,34171692.0,9.62,1.44,0.03,1.6
2010-07-05,600740,2.06,2.05,2.08,2.01,29140,13806134.0,3.32,-2.84,-0.06,0.64
2010-07-06,600740,2.05,2.2,2.2,2.03,85470,41785430.0,8.29,7.32,0.15,1.87
2010-07-07,600740,2.19,2.19,2.21,2.14,50280,24821717.0,3.18,-0.45,-0.01,1.1
2010-07-08,600740,2.2,2.16,2.21,2.15,38130,18837178.0,2.74,-1.37,-0.03,0.83
2010-07-09,600740,2.18,2.23,2.3,2.11,82154,41227175.0,8.8,3.24,0.07,1.8
2010-07-12,600740,2.23,2.24,2.27,2.2,67510,34118427.0,3.14,0.45,0.01,1.48
2010-07-13,600740,2.21,2.14,2.22,2.11,70266,34618947.0,4.91,-4.46,-0.1,1.54
2010-07-14,600740,2.14,2.17,2.22,2.14,58907,29200489.0,3.74,1.4,0.03,1.29
2010-07-15,600740,2.18,2.11,2.19,2.1,44243,21670496.0,4.15,-2.76,-0.06,0.97
2010-07-16,600740,2.09,2.17,2.2,2.03,84668,41150294.0,8.06,2.84,0.06,1.85
2010-07-19,600740,2.15,2.23,2.27,2.11,98206,49411827.0,7.37,2.76,0.06,2.15
2010-07-20,600740,2.23,2.31,2.34,2.22,127174,65328260.0,5.38,3.59,0.08,2.78
2010-07-21,600740,2.3,2.36,2.4,2.27,133816,69959961.0,5.63,2.16,0.05,2.93
2010-07-22,600740,2.33,2.36,2.37,2.32,75060,39269064.0,2.12,0.0,0.0,1.64
2010-07-23,600740,2.35,2.36,2.38,2.31,104759,54645668.0,2.97,0.0,0.0,2.29
2010-07-26,600740,2.36,2.41,2.5,2.34,107674,57668952.0,6.78,2.12,0.05,2.36
2010-07-27,600740,2.4,2.36,2.43,2.36,85252,45200083.0,2.9,-2.07,-0.05,1.87
2010-07-28,600740,2.36,2.43,2.44,2.33,121871,64795979.0,4.66,2.97,0.07,2.67
2010-07-29,600740,2.43,2.59,2.59,2.4,226509,125356802.0,7.82,6.58,0.16,4.96
2010-07-30,600740,2.59,2.6,2.64,2.52,141887,79994557.0,4.63,0.39,0.01,3.11
2010-08-02,600740,2.6,2.69,2.75,2.57,123259,71524560.0,6.92,3.46,0.09,2.7
2010-08-03,600740,2.73,2.67,2.75,2.63,143502,83519674.0,4.46,-0.74,-0.02,3.14
2010-08-04,600740,2.68,2.67,2.7,2.58,107838,61788708.0,4.49,0.0,0.0,2.36
2010-08-05,600740,2.66,2.67,2.69,2.63,80422,46291283.0,2.25,0.0,0.0,1.76
2010-08-06,600740,2.68,2.73,2.78,2.62,113698,66149998.0,5.99,2.25,0.06,2.49
2010-08-09,600740,2.72,2.75,2.8,2.72,94083,55916775.0,2.93,0.73,0.02,2.06
2010-08-10,600740,2.76,2.61,2.76,2.57,122397,70474164.0,6.91,-5.09,-0.14,2.68
2010-08-11,600740,2.61,2.62,2.64,2.57,68760,38945958.0,2.68,0.38,0.01,1.51
2010-08-12,600740,2.6,2.56,2.62,2.56,58435,32893823.0,2.29,-2.29,-0.06,1.28
2010-08-13,600740,2.56,2.63,2.66,2.56,79722,45411617.0,3.91,2.73,0.07,1.75
2010-08-16,600740,2.62,2.7,2.7,2.59,78443,45379207.0,4.18,2.66,0.07,1.72
2010-08-17,600740,2.71,2.73,2.76,2.66,108452,63578429.0,3.7,1.11,0.03,2.37
2010-08-18,600740,2.75,2.67,2.75,2.66,87340,50860178.0,3.3,-2.2,-0.06,1.91
2010-08-19,600740,2.68,2.73,2.79,2.68,137139,80957542.0,4.12,2.25,0.06,3.0
2010-08-20,600740,2.72,2.67,2.75,2.62,96939,56131349.0,4.76,-2.2,-0.06,2.12
2010-08-23,600740,2.65,2.67,2.69,2.62,60166,34693678.0,2.62,0.0,0.0,1.32
2010-08-24,600740,2.67,2.72,2.78,2.65,93330,54770020.0,4.87,1.87,0.05,2.04
2010-08-25,600740,2.72,2.76,2.78,2.68,130773,76959595.0,3.68,1.47,0.04,2.86
2010-08-26,600740,2.89,2.94,2.94,2.89,113350,70641507.0,1.81,6.52,0.18,2.48
2010-08-27,600740,3.02,2.87,3.02,2.83,232380,144490746.0,6.46,-2.38,-0.07,5.09
2010-08-30,600740,2.89,2.95,2.96,2.86,129976,80586077.0,3.48,2.79,0.08,2.85
2010-08-31,600740,2.95,2.98,3.02,2.92,104044,65293041.0,3.39,1.02,0.03,2.28
2010-09-01,600740,2.98,2.94,2.99,2.82,139925,86508099.0,5.7,-1.34,-0.04,3.06
2010-09-02,600740,2.95,2.96,3.01,2.92,117260,73535780.0,3.06,0.68,0.02,2.57
2010-09-03,600740,2.99,3.13,3.14,2.92,282614,183578867.0,7.43,5.74,0.17,6.19
2010-09-06,600740,3.14,3.33,3.33,3.14,226872,154953120.0,6.07,6.39,0.2,4.97
2010-09-08,600740,3.39,3.53,3.53,3.39,78027,55827868.0,4.2,6.01,0.2,1.71
2010-09-09,600740,3.74,3.36,3.74,3.31,384215,277080836.0,12.18,-4.82,-0.17,8.41
2010-09-10,600740,3.34,3.57,3.57,3.34,220952,159788193.0,6.85,6.25,0.21,4.84
2010-09-13,600740,3.49,3.41,3.65,3.36,317997,224438666.0,8.12,-4.48,-0.16,6.96
2010-09-14,600740,3.4,3.49,3.5,3.27,247360,172746463.0,6.74,2.35,0.08,5.41
2010-09-15,600740,3.42,3.67,3.69,3.4,298491,218666638.0,8.31,5.16,0.18,6.53
2010-09-16,600740,3.62,3.55,3.68,3.45,203889,147026228.0,6.27,-3.27,-0.12,4.46
2010-09-17,600740,3.58,3.41,3.58,3.41,88028,62689149.0,4.79,-3.94,-0.14,1.93
2010-09-20,600740,3.41,3.31,3.46,3.28,102825,71053705.0,5.28,-2.93,-0.1,2.25
2010-09-21,600740,3.33,3.38,3.46,3.33,62651,43996160.0,3.93,2.11,0.07,1.37
2010-09-28,600740,3.49,3.4,3.58,3.4,106833,76613290.0,5.33,0.59,0.02,2.34
2010-09-29,600740,3.4,3.46,3.57,3.4,95193,68204507.0,5.0,1.76,0.06,2.08
2010-09-30,600740,3.47,3.63,3.67,3.41,157018,115204195.0,7.51,4.91,0.17,3.44
2010-10-08,600740,3.66,3.84,3.85,3.63,178428,136365782.0,6.06,5.79,0.21,3.91
2010-10-11,600740,3.84,3.97,4.07,3.76,232379,183974129.0,8.07,3.39,0.13,5.09
2010-10-12,600740,3.97,4.05,4.07,3.83,206913,165228543.0,6.05,2.02,0.08,4.53
2010-10-13,600740,3.99,3.92,4.21,3.9,158267,126332709.0,7.65,-3.21,-0.13,3.46
2010-10-14,600740,3.88,3.78,3.96,3.69,202372,155962576.0,6.89,-3.57,-0.14,4.43
2010-10-15,600740,3.78,3.91,3.92,3.76,145817,113532905.0,4.23,3.44,0.13,3.19
2010-10-18,600740,3.88,3.72,3.92,3.69,87384,66776558.0,5.88,-4.86,-0.19,1.91
2010-10-19,600740,3.69,3.9,3.92,3.63,127580,96659709.0,7.8,4.84,0.18,2.79
2010-10-20,600740,3.75,3.98,4.04,3.72,190570,150074381.0,8.21,2.05,0.08,4.17
2010-10-21,600740,3.96,3.99,4.01,3.91,101266,80859391.0,2.51,0.25,0.01,2.22
2010-10-22,600740,3.99,4.04,4.06,3.95,98748,79600834.0,2.76,1.25,0.05,2.16
2010-10-25,600740,4.04,4.21,4.27,4.03,187992,156023706.0,5.94,4.21,0.17,4.12
2010-10-26,600740,4.27,4.13,4.36,4.07,165252,137247866.0,6.89,-1.9,-0.08,3.62
2010-10-27,600740,4.17,4.34,4.37,4.14,291877,249203685.0,5.57,5.08,0.21,6.39
2010-10-28,600740,4.37,4.6,4.6,4.37,220310,198573756.0,5.3,5.99,0.26,4.82
2010-10-29,600740,4.86,4.74,4.86,4.56,636555,593962944.0,6.52,3.04,0.14,13.93
2010-11-01,600740,4.75,4.75,5.0,4.52,369530,345347204.0,10.13,0.21,0.01,8.09
2010-11-02,600740,4.63,4.47,4.65,4.47,444510,395724524.0,3.79,-5.89,-0.28,9.73
2010-11-03,600740,4.3,4.21,4.36,4.21,293524,247541437.0,3.36,-5.82,-0.26,6.43
2010-11-04,600740,4.12,4.34,4.41,4.11,233696,198567932.0,7.13,3.09,0.13,5.12
2010-11-05,600740,4.33,4.44,4.56,4.3,219387,191876349.0,5.99,2.3,0.1,4.8
2010-11-08,600740,4.56,4.7,4.7,4.44,360835,329770558.0,5.86,5.86,0.26,7.9
2010-11-09,600740,4.75,4.79,4.93,4.7,271946,255693700.0,4.89,1.91,0.09,5.95
2010-11-10,600740,4.81,4.7,4.82,4.63,169860,156412772.0,3.97,-1.88,-0.09,3.72
2010-11-11,600740,4.65,4.57,4.83,4.57,277052,254807387.0,5.53,-2.77,-0.13,6.06
2010-11-12,600740,4.54,4.31,4.59,4.31,242820,211422797.0,6.13,-5.69,-0.26,5.32
2010-11-15,600740,4.28,4.25,4.33,4.05,146192,122054540.0,6.5,-1.39,-0.06,3.2
2010-11-16,600740,4.24,4.36,4.42,4.08,224665,191069678.0,8.0,2.59,0.11,4.92
2010-11-17,600740,4.24,4.18,4.32,4.14,106628,89968401.0,4.13,-4.13,-0.18,2.33
2010-11-18,600740,4.21,4.25,4.3,4.15,66483,55865391.0,3.59,1.67,0.07,1.46
2010-11-19,600740,4.28,4.4,4.46,4.26,122840,106092784.0,4.71,3.53,0.15,2.69
2010-11-22,600740,4.36,4.66,4.66,4.34,319141,290941971.0,7.27,5.91,0.26,6.99
2010-11-23,600740,4.71,4.59,4.71,4.46,153575,138445479.0,5.36,-1.5,-0.07,3.36
2010-11-24,600740,4.54,4.8,4.82,4.52,187389,172777573.0,6.54,4.58,0.21,4.1
2010-11-25,600740,4.83,4.73,4.84,4.69,130728,121679025.0,3.13,-1.46,-0.07,2.86
2010-11-26,600740,4.72,4.61,4.72,4.55,134220,122056340.0,3.59,-2.54,-0.12,2.94
2010-11-29,600740,4.65,4.71,4.73,4.57,117601,107871820.0,3.47,2.17,0.1,2.57
2010-11-30,600740,4.69,4.53,4.74,4.46,155897,140250113.0,5.94,-3.82,-0.18,3.41
2010-12-01,600740,4.53,4.54,4.6,4.46,70783,63179176.0,3.09,0.22,0.01,1.55
2010-12-02,600740,4.63,4.61,4.72,4.56,97349,89055499.0,3.52,1.54,0.07,2.13
2010-12-03,600740,4.63,4.56,4.65,4.51,55265,49694416.0,3.04,-1.08,-0.05,1.21
2010-12-06,600740,4.56,4.4,4.6,4.29,132858,115356467.0,6.8,-3.51,-0.16,2.91
2010-12-07,600740,4.34,4.45,4.49,4.25,64388,55601760.0,5.45,1.14,0.05,1.41
2010-12-08,600740,4.4,4.43,4.5,4.39,46836,41114985.0,2.47,-0.45,-0.02,1.03
2010-12-09,600740,4.38,4.18,4.38,4.18,82998,70283041.0,4.51,-5.64,-0.25,1.82
2010-12-10,600740,4.21,4.23,4.25,4.16,38881,32598266.0,2.15,1.2,0.05,0.85
2010-12-13,600740,4.28,4.33,4.34,4.22,87756,74753405.0,2.84,2.36,0.1,1.92
2010-12-14,600740,4.37,4.28,4.37,4.25,78081,66651437.0,2.77,-1.15,-0.05,1.71
2010-12-15,600740,4.28,4.41,4.47,4.24,102127,88643987.0,5.37,3.04,0.13,2.24
2010-12-16,600740,4.43,4.54,4.67,4.41,114887,103685390.0,5.9,2.95,0.13,2.51
2010-12-17,600740,4.54,4.52,4.6,4.46,50296,44882659.0,3.08,-0.44,-0.02,1.1
2010-12-20,600740,4.56,4.46,4.63,4.28,84609,74703739.0,7.74,-1.33,-0.06,1.85
2010-12-21,600740,4.47,4.53,4.59,4.46,45378,40387204.0,2.91,1.57,0.07,0.99
2010-12-22,600740,4.53,4.44,4.6,4.44,45298,40352951.0,3.53,-1.99,-0.09,0.99
2010-12-23,600740,4.4,4.4,4.51,4.37,43333,37966173.0,3.15,-0.9,-0.04,0.95
2010-12-24,600740,4.37,4.24,4.4,4.16,75245,63786500.0,5.45,-3.64,-0.16,1.65
2010-12-27,600740,4.25,4.18,4.43,4.13,74222,63429803.0,7.08,-1.42,-0.06,1.62
2010-12-28,600740,4.13,4.02,4.15,3.99,63640,51669909.0,3.83,-3.83,-0.16,1.39
2010-12-29,600740,4.02,4.04,4.09,3.95,43827,35303151.0,3.48,0.5,0.02,0.96
2010-12-30,600740,4.04,4.08,4.12,4.0,37936,30952709.0,2.97,0.99,0.04,0.83
2010-12-31,600740,4.12,4.24,4.25,4.09,66112,55253471.0,3.92,3.92,0.16,1.45
2011-01-04,600740,4.33,4.3,4.34,4.21,70332,59727443.0,3.07,1.42,0.06,1.54
2011-01-05,600740,4.28,4.4,4.55,4.25,92843,81280604.0,6.98,2.33,0.1,2.03
2011-01-06,600740,4.44,4.36,4.44,4.27,46736,40184445.0,3.86,-0.91,-0.04,1.02
2011-01-07,600740,4.36,4.36,4.47,4.29,47557,41180595.0,4.13,0.0,0.0,1.04
2011-01-10,600740,4.34,4.18,4.34,4.16,41886,35415654.0,4.13,-4.13,-0.18,0.92
2011-01-11,600740,4.17,4.13,4.17,4.07,33845,27774146.0,2.39,-1.2,-0.05,0.74
2011-01-12,600740,4.11,4.18,4.22,4.1,26913,22289781.0,2.91,1.21,0.05,0.59
2011-01-13,600740,4.19,4.16,4.21,4.05,37539,31004411.0,3.83,-0.48,-0.02,0.82
2011-01-14,600740,4.13,4.21,4.27,4.1,41643,34830216.0,4.09,1.2,0.05,0.91
2011-01-17,600740,4.21,4.01,4.21,3.98,46259,37653315.0,5.46,-4.75,-0.2,1.01
2011-01-18,600740,3.98,4.04,4.07,3.98,21242,17160453.0,2.24,0.75,0.03,0.46
2011-01-19,600740,4.04,4.17,4.18,4.04,27807,22830608.0,3.47,3.22,0.13,0.61
2011-01-20,600740,4.19,4.07,4.19,4.05,30625,25112794.0,3.36,-2.4,-0.1,0.67
2011-01-21,600740,4.06,3.98,4.09,3.86,44355,35479399.0,5.65,-2.21,-0.09,0.97
2011-01-24,600740,3.98,3.8,4.01,3.8,44975,34953480.0,5.28,-4.52,-0.18,0.98
2011-01-25,600740,3.86,3.58,3.92,3.58,86117,64675912.0,8.95,-5.79,-0.22,1.89
2011-01-27,600740,3.58,3.67,3.73,3.58,54748,40980263.0,4.19,2.51,0.09,1.2
2011-01-28,600740,3.65,3.63,3.7,3.57,47465,35067708.0,3.54,-1.09,-0.04,1.04
2011-01-31,600740,3.66,3.85,3.85,3.63,68592,52745266.0,6.06,6.06,0.22,1.5
2011-02-01,600740,3.92,3.99,4.03,3.88,57547,45892888.0,3.9,3.64,0.14,1.26
2011-02-09,600740,3.93,3.86,4.03,3.85,45054,35518280.0,4.51,-3.26,-0.13,0.99
2011-02-10,600740,3.86,3.91,3.92,3.79,50783,39647679.0,3.37,1.3,0.05,1.11
2011-02-11,600740,3.92,3.96,4.01,3.85,46560,36931545.0,4.09,1.28,0.05,1.02
2011-02-14,600740,3.97,4.03,4.07,3.97,51544,41570654.0,2.53,1.77,0.07,1.13
2011-02-15,600740,4.04,4.01,4.07,3.96,56787,45861826.0,2.73,-0.5,-0.02,1.24
2011-02-16,600740,3.99,4.07,4.07,3.93,67431,54137002.0,3.49,1.5,0.06,1.48
2011-02-17,600740,4.07,4.09,4.13,3.99,74855,60838631.0,3.44,0.49,0.02,1.64
2011-02-18,600740,4.09,4.05,4.1,4.01,41380,33540100.0,2.2,-0.98,-0.04,0.91
2011-02-21,600740,4.02,4.09,4.09,3.99,57398,46604376.0,2.47,0.99,0.04,1.26
2011-02-22,600740,4.09,3.98,4.11,3.92,66350,53293543.0,4.65,-2.69,-0.11,1.45
2011-02-23,600740,3.99,3.99,4.03,3.95,35785,28628090.0,2.01,0.25,0.01,0.78
2011-02-24,600740,3.98,4.0,4.05,3.96,40827,32826221.0,2.26,0.25,0.01,0.89
2011-02-25,600740,3.98,3.95,4.0,3.9,42864,34011252.0,2.5,-1.25,-0.05,0.94
2011-02-28,600740,3.96,4.19,4.19,3.86,126415,103827221.0,8.35,6.08,0.24,2.77
2011-03-01,600740,4.24,4.44,4.44,4.21,203698,177609281.0,5.49,5.97,0.25,4.46
2011-03-02,600740,4.46,4.48,4.69,4.4,215803,192226350.0,6.53,0.9,0.04,4.72
2011-03-03,600740,4.49,4.43,4.66,4.3,124174,109662689.0,8.04,-1.12,-0.05,2.72
2011-03-04,600740,4.45,4.48,4.56,4.35,92500,81383457.0,4.74,1.13,0.05,2.02
2011-03-07,600740,4.49,4.61,4.66,4.49,153798,139177139.0,3.79,2.9,0.13,3.37
2011-03-08,600740,4.57,4.57,4.64,4.5,86735,77908253.0,3.04,-0.87,-0.04,1.9
2011-03-09,600740,4.6,4.69,4.78,4.54,146256,134450038.0,5.25,2.63,0.12,3.2
2011-03-10,600740,4.95,4.96,4.96,4.79,115254,111123271.0,3.62,5.76,0.27,2.52
2011-03-11,600740,5.12,4.82,5.15,4.81,319918,309883245.0,6.85,-2.82,-0.14,7.0
2011-03-14,600740,4.75,4.79,4.87,4.56,144768,133420334.0,6.43,-0.62,-0.03,3.17
2011-03-15,600740,4.75,4.62,4.75,4.51,121380,109778300.0,5.01,-3.55,-0.17,2.66
2011-03-16,600740,4.59,4.89,4.89,4.59,152219,143082091.0,6.49,5.84,0.27,3.33
2011-03-17,600740,4.88,4.92,5.13,4.77,190522,184806138.0,7.36,0.61,0.03,4.17
2011-03-18,600740,5.1,5.2,5.21,4.95,333051,331302453.0,5.28,5.69,0.28,7.29
2011-03-21,600740,5.2,5.33,5.46,5.2,259151,266644818.0,5.0,2.5,0.13,5.67
2011-03-22,600740,5.37,5.28,5.45,5.19,149411,152134408.0,4.88,-0.94,-0.05,3.27
2011-03-23,600740,5.32,5.3,5.4,5.25,128509,131657028.0,2.84,0.38,0.02,2.81
2011-03-24,600740,5.33,5.26,5.34,5.13,163922,165078990.0,3.96,-0.75,-0.04,3.59
2011-03-25,600740,5.21,5.28,5.31,5.16,118224,119563830.0,2.85,0.38,0.02,2.59
2011-03-28,600740,5.28,5.58,5.58,5.28,282823,299725531.0,5.68,5.68,0.3,6.19
2011-03-29,600740,5.58,5.75,5.8,5.42,330778,359041286.0,6.81,3.05,0.17,7.24
2011-03-30,600740,5.67,5.64,5.76,5.61,147538,160434531.0,2.61,-1.91,-0.11,3.23
2011-03-31,600740,5.7,5.96,5.96,5.65,251214,283208807.0,5.5,5.67,0.32,5.5
2011-04-01,600740,6.12,6.16,6.3,5.88,300926,348206753.0,7.05,3.36,0.2,6.59
2011-04-06,600740,6.11,6.5,6.5,6.02,230725,279833411.0,7.79,5.52,0.34,5.05
2011-04-07,600740,6.56,6.82,6.86,6.14,467658,589043924.0,11.08,4.92,0.32,10.24
2011-04-08,600740,6.77,6.72,6.99,6.67,292038,372647378.0,4.69,-1.47,-0.1,6.39
2011-04-11,600740,6.72,6.66,6.99,6.59,260638,331629446.0,5.95,-0.89,-0.06,5.71
2011-04-12,600740,6.59,6.53,6.73,6.44,240554,298452535.0,4.35,-1.95,-0.13,5.27
2011-04-13,600740,6.54,6.76,6.82,6.49,231725,290952379.0,5.05,3.52,0.23,5.07
2011-04-14,600740,6.79,6.81,7.06,6.65,193015,248233197.0,6.07,0.74,0.05,4.23
2011-04-15,600740,6.91,6.71,7.01,6.52,232621,293821007.0,7.2,-1.47,-0.1,5.09
2011-04-18,600740,6.76,6.76,6.91,6.64,178109,225383263.0,4.02,0.75,0.05,3.9
2011-04-19,600740,6.68,6.4,6.79,6.39,235714,292066883.0,5.92,-5.33,-0.36,5.16
2011-04-20,600740,6.41,6.23,6.51,6.17,198356,236118235.0,5.31,-2.66,-0.17,4.34
2011-04-21,600740,6.25,6.58,6.58,6.21,305386,374015147.0,5.94,5.62,0.35,6.68
2011-04-22,600740,6.56,6.53,6.7,6.48,189446,235227479.0,3.34,-0.76,-0.05,4.15
2011-04-26,600740,6.23,6.17,6.51,6.17,163383,193683159.0,5.21,-5.51,-0.36,3.58
2011-04-27,600740,6.2,5.85,6.28,5.82,264778,300771916.0,7.46,-5.19,-0.32,5.8
2011-05-03,600740,6.51,6.51,6.51,6.24,319532,391331761.0,4.62,11.28,0.66,6.99
2011-05-04,600740,6.76,6.63,7.05,6.53,661115,842505778.0,7.99,1.84,0.12,14.47
2011-05-05,600740,6.41,6.21,6.46,5.91,303593,356199445.0,8.3,-6.33,-0.42,6.65
2011-05-06,600740,5.96,6.24,6.46,5.82,258162,301279565.0,10.31,0.48,0.03,5.65
2011-05-09,600740,6.14,6.14,6.34,6.05,153855,180674743.0,4.65,-1.6,-0.1,3.37
2011-05-10,600740,6.14,6.82,6.82,6.13,322340,399282112.0,11.24,11.07,0.68,7.06
2011-05-11,600740,7.07,7.47,7.58,7.06,969911,1339495973.0,7.62,9.53,0.65,21.23
2011-05-12,600740,7.22,7.78,8.18,7.22,869821,1247024728.0,12.85,4.15,0.31,19.04
2011-05-13,600740,7.82,7.86,8.12,7.66,522298,762920496.0,5.91,1.03,0.08,11.43
2011-05-16,600740,7.85,8.57,8.69,7.69,700020,1071458639.0,12.72,9.03,0.71,15.32
2011-05-17,600740,8.33,8.07,8.86,8.03,733213,1144190753.0,9.68,-5.83,-0.5,16.05
2011-05-18,600740,7.88,7.95,8.24,7.56,512116,743162161.0,8.43,-1.49,-0.12,11.21
2011-05-19,600740,7.95,8.54,8.66,7.86,602603,922600804.0,10.06,7.42,0.59,13.19
2011-05-20,600740,8.42,8.5,8.75,8.34,454118,714058858.0,4.8,-0.47,-0.04,9.94
2011-05-23,600740,8.43,8.25,8.57,8.12,392881,602405675.0,5.29,-2.94,-0.25,8.6
2011-05-24,600740,8.25,8.13,8.8,7.89,660800,1024606043.0,11.03,-1.45,-0.12,14.46
2011-05-25,600740,7.83,7.85,8.06,7.59,489711,708119520.0,5.78,-3.44,-0.28,10.72
2011-05-26,600740,7.95,7.5,8.04,7.43,341424,488932568.0,7.77,-4.46,-0.35,7.47
2011-05-27,600740,7.42,6.91,7.5,6.83,365971,487768308.0,8.93,-7.87,-0.59,8.01
2011-05-30,600740,6.89,6.51,6.89,6.38,295774,368671798.0,7.38,-5.79,-0.4,6.47
2011-05-31,600740,6.51,7.24,7.24,6.4,420382,542799097.0,12.9,11.21,0.73,9.2
2011-06-01,600740,7.45,7.65,7.98,7.37,655392,933368278.0,8.43,5.66,0.41,14.35
2011-06-02,600740,7.5,8.18,8.29,7.43,747716,1095930912.0,11.24,6.93,0.53,16.37
2011-06-03,600740,8.18,8.18,8.29,7.92,536773,800962724.0,4.52,0.0,0.0,11.75
2011-06-07,600740,8.08,8.8,9.01,8.02,742788,1177325506.0,12.1,7.58,0.62,16.26
2011-06-08,600740,8.66,8.7,8.78,8.53,482656,766818680.0,2.84,-1.14,-0.1,10.57
2011-06-09,600740,8.75,7.75,8.84,7.75,749731,1134244172.0,12.53,-10.92,-0.95,16.41
2011-06-10,600740,7.75,7.54,7.91,7.41,576494,814111259.0,6.45,-2.71,-0.21,12.62
2011-06-13,600740,7.36,8.24,8.29,7.18,639154,919781469.0,14.72,9.28,0.7,13.99
2011-06-14,600740,8.08,8.17,8.4,7.98,478792,721712461.0,5.1,-0.85,-0.07,10.48
2011-06-15,600740,8.07,7.91,8.59,7.89,476979,727250212.0,8.57,-3.18,-0.26,10.44
2011-06-16,600740,7.7,7.95,8.2,7.59,404853,595023512.0,7.71,0.51,0.04,8.86
2011-06-17,600740,8.07,7.75,8.41,7.65,520125,778160744.0,9.56,-2.52,-0.2,11.39
2011-06-20,600740,7.59,8.06,8.1,7.42,408823,595324808.0,8.77,4.0,0.31,8.95
2011-06-21,600740,8.18,8.24,8.33,7.92,544181,822095142.0,5.09,2.23,0.18,11.91
2011-06-22,600740,8.17,8.11,8.34,8.0,365368,549907556.0,4.13,-1.58,-0.13,8.0
2011-06-23,600740,8.01,8.04,8.12,7.71,387231,567495006.0,5.06,-0.86,-0.07,8.48
2011-06-24,600740,7.95,8.92,8.92,7.89,882539,1394177174.0,12.81,10.95,0.88,19.32
2011-06-27,600740,9.16,9.23,9.36,8.89,982768,1639238065.0,5.27,3.48,0.31,21.51
2011-06-28,600740,9.12,9.18,9.33,8.92,604310,1010957450.0,4.44,-0.54,-0.05,13.23
2011-06-29,600740,9.07,8.63,9.19,8.6,569962,930319774.0,6.43,-5.99,-0.55,12.48
2011-06-30,600740,8.59,8.92,9.01,8.54,468776,761288050.0,5.45,3.36,0.29,10.26
2011-07-01,600740,8.9,8.85,9.01,8.72,370668,604048986.0,3.25,-0.78,-0.07,8.11
2011-07-04,600740,8.81,8.99,9.17,8.81,398560,656493441.0,4.07,1.58,0.14,8.72
2011-07-05,600740,8.95,9.16,9.36,8.75,554565,920621640.0,6.79,1.89,0.17,12.14
2011-07-06,600740,9.04,9.01,9.12,8.85,314347,517144557.0,2.95,-1.64,-0.15,6.88
2011-07-07,600740,8.98,8.78,9.13,8.78,322782,528222565.0,3.88,-2.55,-0.23,7.07
2011-07-08,600740,8.78,8.7,8.93,8.58,225906,362637035.0,3.99,-0.91,-0.08,4.95
2011-07-11,600740,8.66,8.75,8.89,8.44,200581,322160339.0,5.17,0.57,0.05,4.39
2011-07-12,600740,8.61,8.47,8.69,8.43,211541,332905242.0,2.97,-3.2,-0.28,4.63
2011-07-13,600740,8.54,8.98,9.24,8.54,458343,752990062.0,8.26,6.02,0.51,10.03
2011-07-14,600740,8.95,9.0,9.12,8.85,309495,509197504.0,3.01,0.22,0.02,6.77
2011-07-15,600740,8.98,8.92,9.04,8.82,221798,361835362.0,2.44,-0.89,-0.08,4.86
2011-07-18,600740,8.94,8.83,9.1,8.78,200331,326565874.0,3.59,-1.01,-0.09,4.39
2011-07-19,600740,8.7,8.9,9.17,8.54,417909,681577395.0,7.13,0.79,0.07,9.15
2011-07-20,600740,8.86,8.67,8.96,8.6,239200,383210144.0,4.04,-2.58,-0.23,5.24
2011-07-21,600740,8.88,8.56,8.89,8.54,155162,246442520.0,4.04,-1.27,-0.11,3.4
2011-07-22,600740,8.57,8.44,8.7,8.29,231333,359786456.0,4.79,-1.4,-0.12,5.06
2011-07-25,600740,8.36,8.06,8.36,7.98,197583,297579744.0,4.5,-4.5,-0.38,4.33
2011-07-26,600740,8.01,8.05,8.11,7.88,124503,184086081.0,2.85,-0.12,-0.01,2.73
2011-07-27,600740,8.21,8.41,8.66,8.21,275700,430017922.0,5.59,4.47,0.36,6.04
2011-07-28,600740,8.28,8.3,8.4,8.1,184566,280405409.0,3.57,-1.31,-0.11,4.04
2011-07-29,600740,8.23,8.06,8.36,8.04,130072,195729941.0,3.86,-2.89,-0.24,2.85
2011-08-01,600740,8.04,8.08,8.22,7.9,129176,193211633.0,3.97,0.25,0.02,2.83
2011-08-02,600740,8.05,7.98,8.05,7.77,144858,211015168.0,3.47,-1.24,-0.1,3.17
2011-08-03,600740,7.83,7.98,8.18,7.79,122052,181079350.0,4.89,0.0,0.0,2.67
2011-08-04,600740,7.98,8.33,8.41,7.92,239599,362270529.0,6.14,4.39,0.35,5.24
2011-08-05,600740,7.95,8.01,8.17,7.88,178216,265158820.0,3.48,-3.84,-0.32,3.9
2011-08-08,600740,7.82,7.31,7.94,7.14,227538,316875158.0,9.99,-8.74,-0.7,4.98
2011-08-09,600740,6.94,7.19,7.44,6.56,260175,338247957.0,12.04,-1.64,-0.12,5.7
2011-08-10,600740,7.41,7.14,7.47,7.1,217174,295107182.0,5.15,-0.7,-0.05,4.75
2011-08-11,600740,6.82,7.21,7.22,6.78,194562,257706063.0,6.16,0.98,0.07,4.26
2011-08-12,600740,7.28,7.18,7.4,7.17,163350,221425168.0,3.19,-0.42,-0.03,3.58
2011-08-15,600740,7.24,7.28,7.3,7.05,180445,242096406.0,3.48,1.39,0.1,3.95
2011-08-16,600740,7.33,7.24,7.36,7.21,140653,190912783.0,2.06,-0.55,-0.04,3.08
2011-08-17,600740,7.2,7.04,7.27,7.02,153437,203266288.0,3.45,-2.76,-0.2,3.36
2011-08-18,600740,7.06,6.74,7.08,6.7,163923,210783283.0,5.4,-4.26,-0.3,3.59
2011-08-19,600740,6.53,6.5,6.62,6.35,173092,211530723.0,4.01,-3.56,-0.24,3.79
2011-08-22,600740,6.74,7.22,7.22,6.73,287455,382030316.0,7.54,11.08,0.72,6.29
2011-08-23,600740,7.41,7.58,7.85,7.24,564996,790058512.0,8.45,4.99,0.36,12.37
2011-08-24,600740,7.53,7.33,7.53,7.29,267114,368893744.0,3.17,-3.3,-0.25,5.85
2011-08-25,600740,7.25,7.47,7.53,7.25,267019,368555664.0,3.82,1.91,0.14,5.85
2011-08-26,600740,7.47,7.37,7.47,7.3,171730,235461296.0,2.28,-1.34,-0.1,3.76
2011-08-29,600740,7.32,7.15,7.33,7.06,142781,191353890.0,3.66,-2.99,-0.22,3.13
2011-08-30,600740,7.27,7.01,7.33,6.98,167541,224198483.0,4.9,-1.96,-0.14,3.67
2011-08-31,600740,7.02,7.09,7.15,6.95,95559,126009539.0,2.85,1.14,0.08,2.09
2011-09-01,600740,7.12,6.98,7.14,6.94,97238,127989012.0,2.82,-1.55,-0.11,2.13
2011-09-02,600740,6.96,6.82,6.98,6.72,107016,136852707.0,3.72,-2.29,-0.16,2.34
2011-09-05,600740,6.62,6.53,6.7,6.52,95179,118913120.0,2.64,-4.25,-0.29,2.08
2011-09-06,600740,6.47,6.76,6.81,6.45,126967,158349119.0,5.51,3.52,0.23,2.78
2011-09-07,600740,6.83,6.89,6.93,6.68,132370,169599910.0,3.7,1.92,0.13,2.9
2011-09-08,600740,7.0,7.02,7.53,7.0,312319,422903984.0,7.69,1.89,0.13,6.84
2011-09-09,600740,6.94,7.11,7.25,6.93,166774,221420211.0,4.56,1.28,0.09,3.65
2011-09-13,600740,6.94,6.94,6.98,6.78,104564,135037491.0,2.81,-2.39,-0.17,2.29
2011-09-14,600740,7.02,6.98,7.18,6.65,127546,164117582.0,7.64,0.58,0.04,2.79
2011-09-15,600740,6.95,6.86,6.99,6.84,94637,122699868.0,2.15,-1.72,-0.12,2.07
2011-09-16,600740,6.91,6.76,6.97,6.76,85769,110155670.0,3.06,-1.46,-0.1,1.88
2011-09-19,600740,6.7,6.59,6.7,6.56,76865,95755102.0,2.07,-2.51,-0.17,1.68
2011-09-20,600740,6.59,6.65,6.75,6.55,84916,106186310.0,3.03,0.91,0.06,1.86
2011-09-21,600740,6.63,7.01,7.11,6.53,205281,264269866.0,8.72,5.41,0.36,4.49
2011-09-22,600740,6.85,6.63,6.92,6.62,166743,211886779.0,4.28,-5.42,-0.38,3.65
2011-09-26,600740,6.59,6.53,6.76,6.46,108069,133588214.0,4.52,-1.51,-0.1,2.37
2011-09-27,600740,6.63,6.62,6.76,6.54,84144,105348116.0,3.37,1.38,0.09,1.84
2011-09-28,600740,6.72,6.5,6.75,6.49,82006,101706335.0,3.93,-1.81,-0.12,1.8
2011-09-29,600740,6.46,6.32,6.54,6.3,110429,133532220.0,3.69,-2.77,-0.18,2.42
2011-09-30,600740,6.36,6.31,6.47,6.25,71816,86116604.0,3.48,-0.16,-0.01,1.57
2011-10-10,600740,6.38,6.18,6.4,6.1,67949,80379183.0,4.75,-2.06,-0.13,1.49
2011-10-11,600740,6.35,5.75,6.4,5.57,159967,180538314.0,13.43,-6.96,-0.43,3.5
2011-10-12,600740,5.61,5.89,5.9,5.4,162729,178195143.0,8.7,2.43,0.14,3.56
2011-10-13,600740,5.86,6.03,6.21,5.72,162207,184865274.0,8.32,2.38,0.14,3.55
2011-10-14,600740,6.01,6.26,6.55,5.96,229814,274650736.0,9.78,3.81,0.23,5.03
2011-10-17,600740,6.29,6.19,6.29,6.07,133126,155564849.0,3.51,-1.12,-0.07,2.91
2011-10-18,600740,6.05,5.77,6.11,5.76,115991,130897245.0,5.65,-6.79,-0.42,2.54
2011-10-19,600740,5.79,5.76,5.88,5.69,70266,77554736.0,3.29,-0.17,-0.01,1.54
2011-10-20,600740,5.73,5.55,5.73,5.46,81277,86662740.0,4.69,-3.65,-0.21,1.78
2011-10-21,600740,5.53,5.43,5.63,5.42,49182,51986377.0,3.78,-2.16,-0.12,1.08
2011-10-24,600740,5.51,5.52,5.54,5.25,77533,81244410.0,5.34,1.66,0.09,1.7
2011-10-25,600740,5.56,5.8,5.88,5.51,142816,156586032.0,6.7,5.07,0.28,3.13
2011-10-26,600740,5.69,5.75,5.88,5.64,134187,147800180.0,4.14,-0.86,-0.05,2.94
2011-10-27,600740,5.76,5.69,5.81,5.66,85958,94262822.0,2.61,-1.04,-0.06,1.88
2011-10-28,600740,5.85,5.92,6.04,5.77,171616,193139412.0,4.75,4.04,0.23,3.76
2011-10-31,600740,5.88,5.8,5.88,5.7,154019,169638525.0,3.04,-2.03,-0.12,3.37
2011-11-01,600740,5.69,5.72,5.84,5.64,121770,133410599.0,3.45,-1.38,-0.08,2.67
2011-11-02,600740,5.55,5.71,5.73,5.46,136851,146280584.0,4.72,-0.17,-0.01,3.0
2011-11-03,600740,5.73,5.83,5.96,5.68,218531,243405984.0,4.9,2.1,0.12,4.78
2011-11-04,600740,5.88,5.92,6.03,5.82,182220,205804562.0,3.6,1.54,0.09,3.99
2011-11-07,600740,5.94,6.24,6.42,5.8,353491,411936512.0,10.47,5.41,0.32,7.74
2011-11-08,600740,6.27,6.94,6.94,6.21,799687,1015595840.0,11.7,11.22,0.7,17.51
2011-11-09,600740,6.87,6.88,6.92,6.66,479408,611314128.0,3.75,-0.86,-0.06,10.49
2011-11-10,600740,6.75,7.04,7.14,6.65,532569,690710992.0,7.12,2.33,0.16,11.66
2011-11-11,600740,6.99,6.99,7.41,6.94,517762,694774896.0,6.68,-0.71,-0.05,11.33
2011-11-14,600740,7.05,7.08,7.24,6.86,357194,470385312.0,5.44,1.29,0.09,7.82
2011-11-15,600740,7.03,7.07,7.19,6.94,292092,386679952.0,3.53,-0.14,-0.01,6.39
2011-11-16,600740,7.04,6.88,7.11,6.75,254092,328345328.0,5.09,-2.69,-0.19,5.56
2011-11-17,600740,6.87,6.73,6.93,6.69,179781,228994980.0,3.49,-2.18,-0.15,3.94
2011-11-18,600740,6.65,6.47,6.68,6.41,171822,210899144.0,4.01,-3.86,-0.26,3.76
2011-11-21,600740,6.62,6.8,6.93,6.62,297581,378589552.0,4.79,5.1,0.33,6.51
2011-11-22,600740,6.62,6.7,6.73,6.47,156920,194899487.0,3.82,-1.47,-0.1,3.43
2011-11-23,600740,6.7,6.56,6.82,6.53,104099,130533517.0,4.33,-2.09,-0.14,2.28
2011-11-24,600740,6.44,6.47,6.59,6.3,122208,148339940.0,4.42,-1.37,-0.09,2.68
2011-11-25,600740,6.5,6.41,6.59,6.35,94821,115761126.0,3.71,-0.93,-0.06,2.08
2011-11-28,600740,6.38,6.43,6.52,6.3,85005,102960156.0,3.43,0.31,0.02,1.86
2011-11-29,600740,6.58,6.91,6.94,6.51,346238,442287744.0,6.69,7.47,0.48,7.58
2011-11-30,600740,6.83,6.49,6.85,6.37,247317,307447056.0,6.95,-6.08,-0.42,5.41
2011-12-01,600740,6.74,6.65,6.85,6.62,235243,298225376.0,3.54,2.47,0.16,5.15
2011-12-02,600740,6.51,6.47,6.6,6.35,127252,155101742.0,3.76,-2.71,-0.18,2.79
2011-12-05,600740,6.47,6.09,6.47,6.02,110263,130232925.0,6.96,-5.87,-0.38,2.41
2011-12-06,600740,6.08,6.17,6.28,6.03,98697,115486386.0,4.11,1.31,0.08,2.16
2011-12-07,600740,6.05,6.11,6.2,6.05,76101,88355179.0,2.43,-0.97,-0.06,1.67
2011-12-08,600740,6.05,5.99,6.15,5.82,106541,121192050.0,5.4,-1.96,-0.12,2.33
2011-12-09,600740,5.88,5.87,5.98,5.83,68902,77175779.0,2.5,-2.0,-0.12,1.51
2011-12-12,600740,5.9,5.69,5.92,5.67,68940,76589729.0,4.26,-3.07,-0.18,1.51
2011-12-13,600740,5.63,5.38,5.63,5.34,94655,98978426.0,5.1,-5.45,-0.31,2.07
2011-12-14,600740,5.34,5.4,5.59,5.31,77948,81625502.0,5.2,0.37,0.02,1.71
2011-12-15,600740,5.31,5.04,5.33,5.04,101326,101297010.0,5.37,-6.67,-0.36,2.22
2011-12-16,600740,5.05,5.23,5.25,4.99,86813,86334043.0,5.16,3.77,0.19,1.9
2011-12-19,600740,5.15,5.19,5.23,5.0,85862,85010758.0,4.4,-0.76,-0.04,1.88
2011-12-20,600740,5.13,5.24,5.37,5.11,101213,103154974.0,5.01,0.96,0.05,2.22
2011-12-21,600740,5.37,5.01,5.4,4.99,87137,87912279.0,7.82,-4.39,-0.23,1.91
2011-12-22,600740,4.93,4.95,5.09,4.6,118439,111554835.0,9.78,-1.2,-0.06,2.59
2011-12-23,600740,4.87,4.96,5.09,4.8,87329,84517283.0,5.86,0.2,0.01,1.91
2011-12-26,600740,4.84,4.91,5.06,4.81,62053,59679727.0,5.04,-1.01,-0.05,1.36
2011-12-27,600740,4.86,4.63,4.95,4.63,70715,66303619.0,6.52,-5.7,-0.28,1.55
2011-12-28,600740,4.57,4.53,4.62,4.36,86871,76767160.0,5.62,-2.16,-0.1,1.9
2011-12-29,600740,4.46,4.46,4.56,4.43,65725,58237054.0,2.87,-1.55,-0.07,1.44
2011-12-30,600740,4.49,4.57,4.62,4.49,67882,60901567.0,2.91,2.47,0.11,1.49
2012-01-04,600740,4.66,4.36,4.7,4.34,74746,67122267.0,7.88,-4.6,-0.21,1.64
2012-01-05,600740,4.33,4.06,4.38,4.01,73191,61293031.0,8.49,-6.88,-0.3,1.6
2012-01-06,600740,4.02,4.11,4.16,3.91,80384,64787682.0,6.16,1.23,0.05,1.76
2012-01-09,600740,4.12,4.6,4.6,4.04,125761,110664447.0,13.63,11.92,0.49,2.75
2012-01-10,600740,5.12,5.13,5.13,5.05,137987,136923358.0,1.74,11.52,0.53,3.02
2012-01-11,600740,5.72,5.72,5.72,5.61,202890,221705501.0,2.14,11.5,0.59,4.44
2012-01-12,600740,5.72,5.85,6.05,5.72,537211,602219520.0,5.77,2.27,0.13,11.76
2012-01-13,600740,5.8,5.76,5.91,5.59,410794,452624288.0,5.47,-1.54,-0.09,8.99
2012-01-16,600740,5.69,5.4,5.83,5.3,291230,308736192.0,9.2,-6.25,-0.36,6.37
2012-01-17,600740,5.5,5.85,5.92,5.33,424128,458922688.0,10.93,8.33,0.45,9.28
2012-01-18,600740,5.7,5.59,5.81,5.51,304059,329168288.0,5.13,-4.44,-0.26,6.66
2012-01-19,600740,5.69,5.75,5.85,5.58,312365,342873808.0,4.83,2.86,0.16,6.84
2012-01-20,600740,5.76,5.64,5.85,5.6,254493,278145216.0,4.35,-1.91,-0.11,5.57
2012-01-30,600740,5.66,5.5,5.67,5.37,148486,156587970.0,5.32,-2.48,-0.14,3.25
2012-01-31,600740,5.53,5.59,5.72,5.42,159679,170875120.0,5.45,1.64,0.09,3.5
2012-02-01,600740,5.52,5.44,5.59,5.36,120208,126097700.0,4.11,-2.68,-0.15,2.63
2012-02-02,600740,5.48,5.72,5.94,5.42,325922,356013600.0,9.56,5.15,0.28,7.13
2012-02-03,600740,5.61,5.69,5.73,5.57,162266,175779618.0,2.8,-0.52,-0.03,3.55
2012-02-06,600740,5.73,5.78,6.03,5.7,306953,343490432.0,5.8,1.58,0.09,6.72
2012-02-07,600740,5.67,5.88,5.99,5.55,263559,289284848.0,7.61,1.73,0.1,5.77
2012-02-08,600740,5.79,6.4,6.54,5.78,552364,648653856.0,12.93,8.84,0.52,12.09
2012-02-09,600740,6.28,6.3,6.52,6.2,363352,435204992.0,5.0,-1.56,-0.1,7.95
2012-02-10,600740,6.23,6.27,6.36,6.19,201097,238687805.0,2.7,-0.48,-0.03,4.4
2012-02-13,600740,6.18,6.31,6.4,6.12,183273,218123462.0,4.47,0.64,0.04,4.01
2012-02-14,600740,6.28,6.53,6.82,6.2,348766,427444080.0,9.83,3.49,0.22,7.63
2012-02-15,600740,6.47,6.49,6.62,6.41,281963,345253184.0,3.22,-0.61,-0.04,6.17
2012-02-16,600740,6.48,6.34,6.56,6.26,209609,252867337.0,4.62,-2.31,-0.15,4.59
2012-02-17,600740,6.35,6.31,6.42,6.24,120947,144483893.0,2.84,-0.47,-0.03,2.65
2012-02-20,600740,6.44,6.34,6.49,6.33,169222,204567169.0,2.54,0.48,0.03,3.7
2012-02-21,600740,6.34,6.52,6.56,6.2,274234,332342224.0,5.68,2.84,0.18,6.0
2012-02-22,600740,6.47,6.51,6.56,6.4,259894,317660752.0,2.45,-0.15,-0.01,5.69
2012-02-23,600740,6.47,6.62,6.7,6.43,366573,453888864.0,4.15,1.69,0.11,8.02
2012-02-24,600740,6.59,6.6,6.76,6.54,327258,409163792.0,3.32,-0.3,-0.02,7.16
2012-02-27,600740,6.6,6.52,6.7,6.51,274917,342024336.0,2.88,-1.21,-0.08,6.02
2012-02-28,600740,6.46,6.31,6.52,6.26,213309,256544227.0,3.99,-3.22,-0.21,4.67
2012-02-29,600740,6.24,6.3,6.48,6.24,149641,179872152.0,3.8,-0.16,-0.01,3.28
2012-03-01,600740,6.24,6.32,6.41,6.24,100151,119613907.0,2.7,0.32,0.02,2.19
2012-03-02,600740,6.33,6.47,6.63,6.33,222828,273279504.0,4.75,2.37,0.15,4.88
2012-03-05,600740,6.47,6.41,6.56,6.41,148566,180882592.0,2.32,-0.93,-0.06,3.25
2012-03-06,600740,6.34,6.2,6.34,6.11,209970,246623768.0,3.59,-3.28,-0.21,4.6
2012-03-07,600740,6.09,6.04,6.18,6.01,148019,171011185.0,2.74,-2.58,-0.16,3.24
2012-03-08,600740,6.05,6.14,6.24,6.05,128880,150146075.0,3.15,1.66,0.1,2.82
2012-03-09,600740,6.2,6.29,6.33,6.16,169167,200709140.0,2.77,2.44,0.15,3.7
2012-03-12,600740,6.3,6.23,6.34,6.18,131325,155027794.0,2.54,-0.95,-0.06,2.87
2012-03-13,600740,6.25,6.43,6.58,6.15,298713,360959440.0,6.9,3.21,0.2,6.54
2012-03-14,600740,6.46,5.96,6.5,5.88,291927,344292112.0,9.64,-7.31,-0.47,6.39
2012-03-15,600740,5.96,5.77,6.01,5.67,162075,180081566.0,5.7,-3.19,-0.19,3.55
2012-03-16,600740,5.82,5.89,5.92,5.72,113456,126392878.0,3.47,2.08,0.12,2.48
2012-03-19,600740,5.89,5.98,5.98,5.83,102775,115695091.0,2.55,1.53,0.09,2.25
2012-03-20,600740,6.07,5.95,6.25,5.94,191815,222891084.0,5.18,-0.5,-0.03,4.2
2012-03-21,600740,5.96,6.37,6.51,5.88,435519,517381600.0,10.59,7.06,0.42,9.53
2012-03-22,600740,6.32,6.18,6.4,6.11,233854,276393408.0,4.55,-2.98,-0.19,5.12
2012-03-23,600740,6.12,6.01,6.25,5.94,142076,164459692.0,5.02,-2.75,-0.17,3.11
2012-03-26,600740,5.94,5.98,6.05,5.88,75737,85787906.0,2.83,-0.5,-0.03,1.66
2012-03-28,600740,5.91,5.31,5.91,5.3,192329,202780990.0,10.2,-11.2,-0.67,4.21
2012-03-29,600740,5.17,5.12,5.39,5.05,127946,128645601.0,6.4,-3.58,-0.19,2.8
2012-03-30,600740,5.17,5.04,5.24,4.92,100282,98614148.0,6.25,-1.56,-0.08,2.2
2012-04-05,600740,5.04,5.25,5.31,4.99,96998,97351448.0,6.35,4.17,0.21,2.12
2012-04-06,600740,5.25,5.27,5.37,5.18,96973,98757015.0,3.62,0.38,0.02,2.12
2012-04-09,600740,5.27,5.17,5.32,5.15,73994,74664012.0,3.23,-1.9,-0.1,1.62
2012-04-10,600740,5.11,5.5,5.7,5.11,199484,208888122.0,11.41,6.38,0.33,4.37
2012-04-11,600740,5.28,5.4,5.51,5.28,110428,114698997.0,4.18,-1.82,-0.1,2.42
2012-04-12,600740,5.49,5.58,5.73,5.45,196707,211549179.0,5.19,3.33,0.18,4.31
2012-04-13,600740,5.55,5.75,5.88,5.51,218224,237687862.0,6.63,3.05,0.17,4.78
2012-04-16,600740,5.66,5.66,5.75,5.61,99064,107435079.0,2.43,-1.57,-0.09,2.17
2012-04-17,600740,5.64,5.5,5.74,5.46,113240,121009329.0,4.95,-2.83,-0.16,2.48
2012-04-18,600740,5.5,5.7,5.82,5.46,193914,209924995.0,6.55,3.64,0.2,4.24
2012-04-19,600740,5.64,5.63,5.73,5.59,128306,138520604.0,2.46,-1.23,-0.07,2.81
2012-04-20,600740,5.57,5.67,5.75,5.57,119591,129639873.0,3.2,0.71,0.04,2.62
2012-04-23,600740,5.61,5.37,5.61,5.37,162026,170008020.0,4.23,-5.29,-0.3,3.55
2012-04-24,600740,5.28,5.41,5.53,5.21,95084,97671771.0,5.96,0.74,0.04,2.08
2012-04-25,600740,5.39,5.51,5.57,5.35,133064,140257185.0,4.07,1.85,0.1,2.91
2012-04-26,600740,5.53,5.63,5.87,5.49,215778,234779399.0,6.9,2.18,0.12,4.72
2012-04-27,600740,5.62,5.46,5.63,5.41,116179,122673340.0,3.91,-3.02,-0.17,2.54
2012-05-02,600740,5.59,5.66,5.79,5.51,177757,192717380.0,5.13,3.66,0.2,3.89
2012-05-03,600740,5.62,5.69,5.8,5.61,134922,147361392.0,3.36,0.53,0.03,2.95
2012-05-04,600740,5.7,5.71,5.73,5.59,119398,129488189.0,2.46,0.35,0.02,2.61
2012-05-07,600740,5.63,5.89,5.92,5.61,239164,263888934.0,5.43,3.15,0.18,5.24
2012-05-08,600740,5.82,5.76,5.86,5.69,151438,166525050.0,2.89,-2.21,-0.13,3.31
2012-05-09,600740,5.7,5.59,5.7,5.58,113240,122119760.0,2.08,-2.95,-0.17,2.48
2012-05-10,600740,5.56,5.61,5.75,5.56,97070,104866832.0,3.4,0.36,0.02,2.12
2012-05-11,600740,5.58,5.6,5.73,5.53,95086,102672470.0,3.57,-0.18,-0.01,2.08
2012-05-14,600740,5.66,5.55,5.71,5.51,79304,85585716.0,3.57,-0.89,-0.05,1.74
2012-05-15,600740,5.46,5.42,5.51,5.33,89736,93322039.0,3.24,-2.34,-0.13,1.96
2012-05-16,600740,5.4,5.39,5.51,5.37,61286,64087601.0,2.58,-0.55,-0.03,1.34
2012-05-17,600740,5.38,5.46,5.49,5.35,56906,59514025.0,2.6,1.3,0.07,1.25
2012-05-18,600740,5.4,5.27,5.43,5.24,79159,81136181.0,3.48,-3.48,-0.19,1.73
2012-05-21,600740,5.27,5.38,5.44,5.24,59381,61357461.0,3.8,2.09,0.11,1.3
2012-05-22,600740,5.41,5.6,5.66,5.34,131149,138667120.0,5.95,4.09,0.22,2.87
2012-05-23,600740,5.49,5.41,5.57,5.27,110117,115326504.0,5.36,-3.39,-0.19,2.41
2012-05-24,600740,5.35,5.47,5.49,5.31,89530,93261910.0,3.33,1.11,0.06,1.96
2012-05-25,600740,5.46,5.35,5.46,5.3,46665,48189685.0,2.93,-2.19,-0.12,1.02
2012-05-28,600740,5.31,5.37,5.4,5.15,78217,79679402.0,4.67,0.37,0.02,1.71
2012-05-29,600740,5.37,5.57,5.72,5.33,238162,254202742.0,7.26,3.72,0.2,5.21
2012-05-30,600740,5.56,5.58,5.64,5.5,142941,152680578.0,2.51,0.18,0.01,3.13
2012-05-31,600740,5.51,5.81,5.94,5.49,422946,468450128.0,8.06,4.12,0.23,9.26
2012-06-01,600740,5.76,5.85,5.96,5.73,270067,301399072.0,3.96,0.69,0.04,5.91
2012-06-04,600740,5.73,5.51,5.87,5.5,186686,203295336.0,6.32,-5.81,-0.34,4.09
2012-06-05,600740,5.52,5.39,5.59,5.36,127191,132817104.0,4.17,-2.18,-0.12,2.78
2012-06-06,600740,5.43,5.29,5.49,5.2,137873,141122557.0,5.38,-1.86,-0.1,3.02
2012-06-07,600740,5.38,5.25,5.38,5.2,75875,77386189.0,3.4,-0.76,-0.04,1.66
2012-06-08,600740,5.33,5.31,5.41,5.28,99981,103174482.0,2.48,1.14,0.06,2.19
2012-06-11,600740,5.32,5.41,5.46,5.31,87106,90548215.0,2.82,1.88,0.1,1.91
2012-06-12,600740,5.4,5.29,5.4,5.26,60485,61899699.0,2.59,-2.22,-0.12,1.32
2012-06-13,600740,5.31,5.39,5.4,5.27,63362,65319181.0,2.46,1.89,0.1,1.39
2012-06-14,600740,5.34,5.28,5.38,5.26,96740,98828841.0,2.23,-2.04,-0.11,2.12
2012-06-15,600740,5.31,5.25,5.36,5.2,64905,65894296.0,3.03,-0.57,-0.03,1.42
2012-06-18,600740,5.3,5.31,5.39,5.27,75443,77482013.0,2.29,1.14,0.06,1.65
2012-06-19,600740,5.31,5.29,5.33,5.27,46283,47315098.0,1.13,-0.38,-0.02,1.01
2012-06-20,600740,5.31,5.26,5.34,5.25,46179,47119823.0,1.7,-0.57,-0.03,1.01
2012-06-21,600740,5.23,5.07,5.27,5.05,71394,70681788.0,4.18,-3.61,-0.19,1.56
2012-06-26,600740,4.63,4.72,4.77,4.59,84272,77483324.0,3.55,-6.9,-0.35,1.84
2012-06-27,600740,4.74,4.49,4.75,4.46,71885,65135067.0,6.14,-4.87,-0.23,1.57
2012-06-28,600740,4.49,4.27,4.56,4.26,81025,69981322.0,6.68,-4.9,-0.22,1.77
2012-06-29,600740,4.26,4.36,4.37,4.17,62547,53191834.0,4.68,2.11,0.09,1.37
2012-07-02,600740,4.47,4.49,4.66,4.47,83366,74461983.0,4.36,2.98,0.13,1.82
2012-07-03,600740,4.48,4.51,4.59,4.37,56014,49734625.0,4.9,0.45,0.02,1.23
2012-07-04,600740,4.58,4.5,4.63,4.47,47752,42751414.0,3.55,-0.22,-0.01,1.05
2012-07-05,600740,4.47,4.3,4.47,4.27,47529,40851556.0,4.44,-4.44,-0.2,1.04
2012-07-06,600740,4.36,4.45,4.5,4.25,54477,47120953.0,5.81,3.49,0.15,1.19
2012-07-09,600740,4.36,4.17,4.4,4.14,48829,41641351.0,5.84,-6.29,-0.28,1.07
2012-07-10,600740,4.17,4.12,4.26,4.1,32867,27234172.0,3.84,-1.2,-0.05,0.72
2012-07-11,600740,4.11,4.21,4.22,4.08,38460,31959884.0,3.4,2.18,0.09,0.84
2012-07-12,600740,4.17,4.45,4.57,4.1,130174,113552469.0,11.16,5.7,0.24,2.85
2012-07-13,600740,4.34,4.4,4.6,4.34,106393,93833600.0,5.84,-1.12,-0.05,2.33
2012-07-16,600740,4.39,4.16,4.4,4.15,59839,50619754.0,5.68,-5.45,-0.24,1.31
2012-07-17,600740,4.14,4.25,4.28,4.13,47235,39731442.0,3.61,2.16,0.09,1.03
2012-07-18,600740,4.24,4.32,4.33,4.19,57259,48590124.0,3.29,1.65,0.07,1.25
2012-07-19,600740,4.29,4.34,4.4,4.25,68644,59112700.0,3.47,0.46,0.02,1.5
2012-07-20,600740,4.36,4.25,4.37,4.22,43814,37299957.0,3.46,-2.07,-0.09,0.96
2012-07-23,600740,4.16,4.31,4.57,4.12,90039,78264679.0,10.59,1.41,0.06,1.97
2012-07-24,600740,4.21,4.37,4.5,4.16,82896,71122975.0,7.89,1.39,0.06,1.81
2012-07-25,600740,4.25,4.27,4.37,4.25,40770,34795057.0,2.75,-2.29,-0.1,0.89
2012-07-26,600740,4.28,4.22,4.37,4.21,41994,35750152.0,3.75,-1.17,-0.05,0.92
2012-07-27,600740,4.25,4.28,4.37,4.25,50829,43369529.0,2.84,1.42,0.06,1.11
2012-07-30,600740,4.26,4.13,4.34,4.1,55517,46629530.0,5.61,-3.5,-0.15,1.22
2012-07-31,600740,4.1,3.8,4.15,3.65,70330,54722797.0,12.11,-7.99,-0.33,1.54
2012-08-01,600740,3.78,3.87,3.93,3.75,48457,37813426.0,4.74,1.84,0.07,1.06
2012-08-02,600740,3.83,3.8,3.89,3.75,35093,27097520.0,3.62,-1.81,-0.07,0.77
2012-08-03,600740,3.82,3.88,3.91,3.8,29347,22842493.0,2.89,2.11,0.08,0.64
2012-08-06,600740,3.86,4.04,4.08,3.81,66101,52893801.0,6.96,4.12,0.16,1.45
2012-08-07,600740,4.04,4.08,4.09,4.01,61575,49997661.0,1.98,0.99,0.04,1.35
2012-08-08,600740,4.09,4.33,4.51,4.04,170439,145714329.0,11.52,6.13,0.25,3.73
2012-08-09,600740,4.27,4.33,4.39,4.22,90368,77102745.0,3.93,0.0,0.0,1.98
2012-08-10,600740,4.33,4.24,4.37,4.24,59958,50992622.0,3.0,-2.08,-0.09,1.31
2012-08-13,600740,4.25,4.14,4.27,4.11,58419,48979833.0,3.77,-2.36,-0.1,1.28
2012-08-14,600740,4.09,4.27,4.36,4.05,98713,82755412.0,7.49,3.14,0.13,2.16
2012-08-15,600740,4.22,4.19,4.36,4.17,71260,60293709.0,4.45,-1.87,-0.08,1.56
2012-08-16,600740,4.18,4.05,4.22,4.02,46443,38058941.0,4.77,-3.34,-0.14,1.02
2012-08-17,600740,4.04,4.06,4.09,3.98,33356,26987361.0,2.72,0.25,0.01,0.73
2012-08-20,600740,4.03,4.07,4.1,3.93,31626,25400115.0,4.19,0.25,0.01,0.69
2012-08-21,600740,4.02,4.11,4.15,4.02,38717,31739410.0,3.19,0.98,0.04,0.85
2012-08-22,600740,4.1,4.04,4.11,4.01,37133,30116674.0,2.43,-1.7,-0.07,0.81
2012-08-23,600740,4.02,4.14,4.15,3.99,51451,42262987.0,3.96,2.48,0.1,1.13
2012-08-24,600740,4.11,3.99,4.11,3.97,42978,34639441.0,3.38,-3.62,-0.15,0.94
2012-08-27,600740,3.98,3.82,3.98,3.82,39152,30591804.0,4.01,-4.26,-0.17,0.86
2012-08-28,600740,3.8,3.88,3.95,3.8,26017,20380613.0,3.93,1.57,0.06,0.57
2012-08-29,600740,3.87,3.75,3.88,3.75,32352,24920566.0,3.35,-3.35,-0.13,0.71
2012-08-30,600740,3.75,3.78,3.85,3.69,38111,29202248.0,4.27,0.8,0.03,0.83
2012-08-31,600740,3.84,3.88,4.1,3.79,69788,55323578.0,8.2,2.65,0.1,1.53
2012-09-03,600740,3.85,3.92,3.95,3.8,44108,34698551.0,3.87,1.03,0.04,0.97
2012-09-04,600740,3.91,3.89,4.0,3.86,53262,42210071.0,3.57,-0.77,-0.03,1.17
2012-09-05,600740,3.84,3.87,3.89,3.78,40078,31053390.0,2.83,-0.51,-0.02,0.88
2012-09-06,600740,3.89,3.88,3.94,3.81,42503,33141432.0,3.36,0.26,0.01,0.93
2012-09-07,600740,3.94,4.14,4.22,3.91,175513,143645173.0,7.99,6.7,0.26,3.84
2012-09-10,600740,4.16,4.63,4.63,4.07,378251,327991808.0,13.53,11.84,0.49,8.28
2012-09-11,600740,4.57,4.63,4.78,4.48,397005,361965168.0,6.48,0.0,0.0,8.69
2012-09-12,600740,4.61,4.65,4.73,4.54,260153,236423805.0,4.1,0.43,0.02,5.69
2012-09-13,600740,4.63,4.59,4.74,4.52,260747,237458600.0,4.73,-1.29,-0.06,5.71
2012-09-14,600740,4.69,4.54,4.75,4.49,231082,209710767.0,5.66,-1.09,-0.05,5.06
2012-09-17,600740,4.46,4.27,4.56,4.25,144886,125857746.0,6.83,-5.95,-0.27,3.17
2012-09-18,600740,4.22,4.31,4.35,4.17,88081,74735061.0,4.22,0.94,0.04,1.93
2012-09-19,600740,4.31,4.37,4.38,4.22,74202,63549589.0,3.71,1.39,0.06,1.62
2012-09-20,600740,4.31,4.02,4.31,4.02,91958,76467011.0,6.64,-8.01,-0.35,2.01
2012-09-21,600740,4.02,4.12,4.38,3.99,111908,93423894.0,9.7,2.49,0.1,2.45
2012-09-24,600740,4.01,4.24,4.34,3.9,109363,90488936.0,10.68,2.91,0.12,2.39
2012-09-25,600740,4.18,4.26,4.34,4.11,112876,95365192.0,5.42,0.47,0.02,2.47
2012-09-26,600740,4.22,4.23,4.39,4.18,139058,118599960.0,4.93,-0.7,-0.03,3.04
2012-09-27,600740,4.18,4.49,4.63,4.17,248266,217969450.0,10.87,6.15,0.26,5.43
2012-09-28,600740,4.4,4.46,4.51,4.36,191850,168115521.0,3.34,-0.67,-0.03,4.2
2012-10-08,600740,4.41,4.35,4.46,4.3,95759,83019380.0,3.59,-2.47,-0.11,2.1
2012-10-09,600740,4.38,4.5,4.54,4.35,152934,135036802.0,4.37,3.45,0.15,3.35
2012-10-10,600740,4.59,4.54,4.66,4.52,228005,205437871.0,3.11,0.89,0.04,4.99
2012-10-11,600740,4.51,4.47,4.63,4.47,143971,128501278.0,3.52,-1.54,-0.07,3.15
2012-10-12,600740,4.49,4.56,4.61,4.36,128907,114359290.0,5.59,2.01,0.09,2.82
2012-10-15,600740,4.51,4.4,4.53,4.33,91650,79747634.0,4.39,-3.51,-0.16,2.01
2012-10-16,600740,4.41,4.35,4.47,4.3,65619,56902645.0,3.86,-1.14,-0.05,1.44
2012-10-17,600740,4.37,4.43,4.49,4.33,71613,62500078.0,3.68,1.84,0.08,1.57
2012-10-18,600740,4.47,4.5,4.54,4.46,95045,84385184.0,1.81,1.58,0.07,2.08
2012-10-19,600740,4.49,4.41,4.5,4.37,76723,67203037.0,2.89,-2.0,-0.09,1.68
2012-10-22,600740,4.37,4.41,4.44,4.34,55314,48020247.0,2.27,0.0,0.0,1.21
2012-10-23,600740,4.34,4.36,4.43,4.33,62811,54311917.0,2.27,-1.13,-0.05,1.37
2012-10-24,600740,4.32,4.31,4.37,4.28,48527,41614973.0,2.06,-1.15,-0.05,1.06
2012-10-25,600740,4.3,4.31,4.43,4.3,62864,54315200.0,3.02,0.0,0.0,1.38
2012-10-26,600740,4.3,4.2,4.35,4.09,67373,56421156.0,6.03,-2.55,-0.11,1.47
2012-10-29,600740,4.11,4.22,4.34,4.11,35423,29834393.0,5.48,0.48,0.02,0.78
2012-10-30,600740,4.2,4.24,4.31,4.19,37912,32014729.0,2.84,0.47,0.02,0.83
2012-10-31,600740,4.25,4.31,4.33,4.19,51838,44051691.0,3.3,1.65,0.07,1.13
2012-11-01,600740,4.3,4.37,4.43,4.27,82315,71176748.0,3.71,1.39,0.06,1.8
2012-11-02,600740,4.37,4.4,4.43,4.33,65164,56530883.0,2.29,0.69,0.03,1.43
2012-11-05,600740,4.4,4.47,4.66,4.4,186738,166995873.0,5.91,1.59,0.07,4.09
2012-11-06,600740,4.4,4.37,4.48,4.28,100051,86467614.0,4.47,-2.24,-0.1,2.19
2012-11-07,600740,4.34,4.37,4.46,4.33,57793,50289820.0,2.97,0.0,0.0,1.27
2012-11-08,600740,4.28,4.15,4.3,4.15,74550,62622349.0,3.43,-5.03,-0.22,1.63
2012-11-09,600740,4.15,4.14,4.18,4.11,39052,32251565.0,1.69,-0.24,-0.01,0.85
2012-11-12,600740,4.16,4.14,4.2,4.05,44007,36221798.0,3.62,0.0,0.0,0.96
2012-11-13,600740,4.14,4.05,4.17,4.01,38872,31664687.0,3.86,-2.17,-0.09,0.85
2012-11-14,600740,4.01,4.07,4.09,4.01,30951,25128329.0,1.98,0.49,0.02,0.68
2012-11-15,600740,4.05,4.01,4.12,3.99,41875,33935124.0,3.19,-1.47,-0.06,0.92
2012-11-16,600740,3.96,4.0,4.02,3.89,39406,31326071.0,3.24,-0.25,-0.01,0.86
2012-11-19,600740,4.04,4.09,4.16,4.02,53463,43729401.0,3.5,2.25,0.09,1.17
2012-11-20,600740,4.14,4.01,4.15,3.97,41257,33485161.0,4.4,-1.96,-0.08,0.9
2012-11-21,600740,3.98,4.08,4.09,3.94,39923,32304401.0,3.74,1.75,0.07,0.87
2012-11-22,600740,4.07,4.0,4.07,3.99,25832,20839358.0,1.96,-1.96,-0.08,0.57
2012-11-23,600740,4.04,4.04,4.1,3.99,33648,27306716.0,2.75,1.0,0.04,0.74
2012-11-26,600740,4.04,3.94,4.08,3.91,37684,30034151.0,4.21,-2.48,-0.1,0.82
2012-11-27,600740,3.94,3.73,3.94,3.71,39193,30148709.0,5.84,-5.33,-0.21,0.86
2012-11-28,600740,3.69,3.64,3.75,3.6,30210,22546386.0,4.02,-2.41,-0.09,0.66
2012-11-29,600740,3.64,3.51,3.69,3.51,32233,23678156.0,4.95,-3.57,-0.13,0.71
2012-11-30,600740,3.51,3.56,3.59,3.46,30454,22089673.0,3.7,1.42,0.05,0.67
2012-12-03,600740,3.56,3.22,3.6,3.17,49979,34743845.0,12.08,-9.55,-0.34,1.09
2012-12-04,600740,3.24,3.23,3.28,2.97,57970,38045080.0,9.63,0.31,0.01,1.27
2012-12-05,600740,3.2,3.42,3.46,3.15,74233,51814083.0,9.6,5.88,0.19,1.62
2012-12-06,600740,3.39,3.41,3.49,3.37,50058,35290337.0,3.51,-0.29,-0.01,1.1
2012-12-07,600740,3.41,3.53,3.65,3.38,83537,60425212.0,7.92,3.52,0.12,1.83
2012-12-10,600740,3.6,3.62,3.63,3.5,78766,57578601.0,3.68,2.55,0.09,1.72
2012-12-11,600740,3.59,4.06,4.06,3.53,178384,139971604.0,14.64,12.15,0.44,3.9
2012-12-12,600740,3.98,3.94,4.04,3.87,163738,129948915.0,4.19,-2.96,-0.12,3.58
2012-12-13,600740,3.91,3.8,3.94,3.76,105463,81593562.0,4.57,-3.55,-0.14,2.31
2012-12-14,600740,3.77,4.05,4.19,3.76,235355,188699027.0,11.32,6.58,0.25,5.15
2012-12-17,600740,3.99,4.18,4.34,3.98,256117,213687241.0,8.89,3.21,0.13,5.61
2012-12-18,600740,4.12,4.07,4.24,4.05,142757,117237341.0,4.55,-2.63,-0.11,3.12
2012-12-19,600740,4.07,4.11,4.28,4.06,120076,99885267.0,5.41,0.98,0.04,2.63
2012-12-20,600740,4.05,4.18,4.21,4.0,139339,114477694.0,5.11,1.7,0.07,3.05
2012-12-21,600740,4.28,4.17,4.4,4.15,210187,178796507.0,5.98,-0.24,-0.01,4.6
2012-12-24,600740,4.17,4.09,4.2,4.05,114732,94030406.0,3.6,-1.92,-0.08,2.51
2012-12-25,600740,4.09,4.24,4.32,4.04,210769,176676139.0,6.85,3.67,0.15,4.61
2012-12-26,600740,4.23,4.22,4.26,4.16,125947,105539626.0,2.36,-0.47,-0.02,2.76
2012-12-27,600740,4.3,4.27,4.42,4.22,256184,219316821.0,4.74,1.18,0.05,5.61
2012-12-28,600740,4.22,4.24,4.28,4.15,142145,118990512.0,3.04,-0.7,-0.03,3.11
2012-12-31,600740,4.22,4.28,4.34,4.21,154908,131902395.0,3.07,0.94,0.04,3.39
2013-01-04,600740,4.37,4.31,4.42,4.17,191795,164493719.0,5.84,0.7,0.03,4.2
2013-01-07,600740,4.37,4.37,4.51,4.31,223780,194971145.0,4.64,1.39,0.06,4.9
2013-01-08,600740,4.32,4.31,4.33,4.22,139840,118734298.0,2.52,-1.37,-0.06,3.06
2013-01-09,600740,4.25,4.48,4.49,4.22,234881,203005687.0,6.26,3.94,0.17,5.14
2013-01-10,600740,4.43,4.38,4.47,4.31,171473,148851066.0,3.57,-2.23,-0.1,3.75
2013-01-11,600740,4.38,4.17,4.41,4.15,137674,116325900.0,5.94,-4.79,-0.21,3.01
2013-01-14,600740,4.1,4.27,4.29,4.09,120390,101136900.0,4.8,2.4,0.1,2.64
2013-01-15,600740,4.26,4.31,4.38,4.25,157189,134563592.0,3.04,0.94,0.04,3.44
2013-01-16,600740,4.31,4.33,4.47,4.26,197751,170729527.0,4.87,0.46,0.02,4.33
2013-01-17,600740,4.29,4.34,4.36,4.16,143623,121319358.0,4.62,0.23,0.01,3.14
2013-01-18,600740,4.74,4.59,4.85,4.52,475604,435688368.0,7.6,5.76,0.25,10.41
2013-01-21,600740,4.72,5.07,5.12,4.62,650341,618362800.0,10.89,10.46,0.48,14.24
2013-01-22,600740,4.92,4.76,4.97,4.74,391509,369475824.0,4.54,-6.11,-0.31,8.57
2013-01-23,600740,4.71,4.68,4.78,4.56,183377,167106791.0,4.62,-1.68,-0.08,4.01
2013-01-24,600740,4.7,4.47,4.79,4.43,212543,192614845.0,7.69,-4.49,-0.21,4.65
2013-01-25,600740,4.48,4.53,4.65,4.48,130056,116968027.0,3.8,1.34,0.06,2.85
2013-01-28,600740,4.48,4.65,4.67,4.48,133710,120568601.0,4.19,2.65,0.12,2.93
2013-01-29,600740,4.62,4.7,4.78,4.62,153997,142113577.0,3.44,1.08,0.05,3.37
2013-01-30,600740,4.76,4.7,4.88,4.63,188602,175462329.0,5.32,0.0,0.0,4.13
2013-01-31,600740,4.68,4.68,4.8,4.54,183779,168646845.0,5.53,-0.43,-0.02,4.02
2013-02-01,600740,4.64,4.65,4.67,4.55,121935,110560945.0,2.56,-0.64,-0.03,2.67
2013-02-04,600740,4.67,4.81,4.89,4.57,293677,273692400.0,6.88,3.44,0.16,6.43
2013-02-05,600740,4.87,4.99,5.21,4.82,440331,429832048.0,8.11,3.74,0.18,9.64
2013-02-06,600740,4.93,4.87,5.01,4.84,167149,159355430.0,3.41,-2.4,-0.12,3.66
2013-02-07,600740,4.86,4.79,4.9,4.75,109557,103152977.0,3.08,-1.64,-0.08,2.4
2013-02-08,600740,4.79,4.8,4.86,4.77,80511,75726269.0,1.88,0.21,0.01,1.76
2013-02-18,600740,4.8,4.75,4.83,4.7,102426,95126931.0,2.71,-1.04,-0.05,2.24
2013-02-19,600740,4.74,4.57,4.74,4.55,123197,111822589.0,4.0,-3.79,-0.18,2.7
2013-02-20,600740,4.57,4.63,4.65,4.57,73530,66555184.0,1.75,1.31,0.06,1.61
2013-02-21,600740,4.58,4.37,4.58,4.34,136547,119174464.0,5.18,-5.62,-0.26,2.99
2013-02-22,600740,4.37,4.36,4.43,4.36,58178,50554805.0,1.6,-0.23,-0.01,1.27
2013-02-25,600740,4.37,4.39,4.46,4.37,49713,43292349.0,2.06,0.69,0.03,1.09
2013-02-26,600740,4.38,4.29,4.38,4.27,69029,59083804.0,2.51,-2.28,-0.1,1.51
2013-02-27,600740,4.28,4.35,4.37,4.28,56011,48094110.0,2.1,1.4,0.06,1.23
2013-02-28,600740,4.35,4.46,4.49,4.34,91736,80233976.0,3.45,2.53,0.11,2.01
2013-03-01,600740,4.46,4.4,4.46,4.34,88934,77209968.0,2.69,-1.35,-0.06,1.95
2013-03-04,600740,4.31,4.07,4.31,4.04,110518,91452387.0,6.14,-7.5,-0.33,2.42
2013-03-05,600740,4.07,4.13,4.13,4.07,54220,44527843.0,1.47,1.47,0.06,1.19
2013-03-06,600740,4.16,4.17,4.19,4.08,77816,64326056.0,2.66,0.97,0.04,1.7
2013-03-07,600740,4.14,4.3,4.39,4.09,150828,127577533.0,7.19,3.12,0.13,3.3
2013-03-08,600740,4.22,4.8,4.8,4.21,509786,461735280.0,13.72,11.63,0.5,11.16
2013-03-11,600740,4.82,4.69,4.82,4.62,401105,368861952.0,4.17,-2.29,-0.11,8.78
2013-03-12,600740,4.63,4.81,4.82,4.57,543322,501845728.0,5.33,2.56,0.12,11.89
2013-03-13,600740,4.83,4.69,4.83,4.67,349033,323626976.0,3.33,-2.49,-0.12,7.64
2013-03-14,600740,4.67,4.73,4.79,4.47,355764,324882880.0,6.82,0.85,0.04,7.79
2013-03-15,600740,4.66,4.43,4.66,4.39,268750,240355403.0,5.71,-6.34,-0.3,5.88
2013-03-18,600740,4.33,4.14,4.33,4.14,183881,153720226.0,4.29,-6.55,-0.29,4.03
2013-03-19,600740,4.11,4.14,4.19,4.04,103196,85240605.0,3.62,0.0,0.0,2.26
2013-03-20,600740,4.14,4.25,4.26,4.14,109805,92269221.0,2.9,2.66,0.11,2.4
2013-03-21,600740,4.25,4.34,4.45,4.23,138136,118666039.0,5.18,2.12,0.09,3.02
2013-03-22,600740,4.35,4.27,4.36,4.22,85407,72775538.0,3.23,-1.61,-0.07,1.87
2013-03-25,600740,4.28,4.26,4.36,4.2,79267,67198645.0,3.75,-0.23,-0.01,1.74
2013-03-26,600740,4.22,4.12,4.23,4.08,89297,73700675.0,3.52,-3.29,-0.14,1.95
2013-03-27,600740,4.12,4.18,4.3,4.1,81944,68571769.0,4.85,1.46,0.06,1.79
2013-03-28,600740,4.15,4.07,4.15,4.01,86569,70319016.0,3.35,-2.63,-0.11,1.89
2013-03-29,600740,4.07,4.02,4.12,4.02,53251,43257666.0,2.46,-1.23,-0.05,1.17
2013-04-01,600740,4.02,4.05,4.09,4.02,39942,32353590.0,1.74,0.75,0.03,0.87
2013-04-02,600740,4.04,4.07,4.15,4.04,50761,41445967.0,2.72,0.49,0.02,1.11
2013-04-03,600740,4.09,4.09,4.13,4.05,51192,41852468.0,1.97,0.49,0.02,1.12
2013-04-08,600740,4.24,4.16,4.24,4.07,91594,75790633.0,4.16,1.71,0.07,2.0
2013-04-09,600740,4.19,4.2,4.22,4.15,64087,53552868.0,1.68,0.96,0.04,1.4
2013-04-10,600740,4.2,4.34,4.41,4.16,129972,110367398.0,5.95,3.33,0.14,2.85
2013-04-11,600740,4.34,4.15,4.37,4.13,112292,94701352.0,5.53,-4.38,-0.19,2.46
2013-04-12,600740,4.15,4.05,4.15,4.04,53619,43761302.0,2.65,-2.41,-0.1,1.17
2013-04-15,600740,4.03,3.86,4.03,3.82,63035,49497677.0,5.19,-4.69,-0.19,1.38
2013-04-16,600740,3.81,3.92,3.96,3.76,44668,34699659.0,5.18,1.55,0.06,0.98
2013-04-17,600740,3.91,3.88,3.95,3.83,32905,25767607.0,3.06,-1.02,-0.04,0.72
2013-04-18,600740,3.75,3.9,3.91,3.75,40606,31709136.0,4.12,0.52,0.02,0.89
2013-04-19,600740,3.89,3.99,4.02,3.89,61188,48857152.0,3.33,2.31,0.09,1.34
2013-04-22,600740,3.95,3.94,3.98,3.91,38994,30882040.0,1.75,-1.25,-0.05,0.85
2013-04-23,600740,3.94,3.78,3.96,3.76,56012,43358955.0,5.08,-4.06,-0.16,1.23
2013-04-24,600740,3.81,3.85,3.88,3.76,38477,29708260.0,3.17,1.85,0.07,0.84
2013-04-25,600740,3.85,3.76,3.88,3.73,44202,34096717.0,3.9,-2.34,-0.09,0.97
2013-04-26,600740,3.78,3.65,3.85,3.64,37494,28511182.0,5.59,-2.93,-0.11,0.82
2013-05-02,600740,3.56,3.56,3.58,3.52,39836,28983811.0,1.64,-2.47,-0.09,0.87
2013-05-03,600740,3.56,3.65,3.72,3.56,37242,27851846.0,4.49,2.53,0.09,0.82
2013-05-06,600740,3.68,3.7,3.72,3.66,43626,32771519.0,1.64,1.37,0.05,0.95
2013-05-07,600740,3.69,3.79,3.88,3.67,64577,49521975.0,5.68,2.43,0.09,1.41
2013-05-08,600740,3.78,3.76,3.83,3.73,46351,35318573.0,2.64,-0.79,-0.03,1.01
2013-05-09,600740,3.77,3.63,3.79,3.6,59801,44540682.0,5.05,-3.46,-0.13,1.31
2013-05-10,600740,3.62,3.75,3.77,3.58,68938,51819832.0,5.23,3.31,0.12,1.51
2013-05-13,600740,3.73,3.71,3.73,3.65,57437,43048394.0,2.13,-1.07,-0.04,1.26
2013-05-14,600740,3.72,3.69,3.73,3.62,60310,45169300.0,2.96,-0.54,-0.02,1.32
2013-05-15,600740,3.69,3.65,3.71,3.61,49148,36485302.0,2.71,-1.08,-0.04,1.08
2013-05-16,600740,3.63,3.68,3.7,3.59,78959,58805421.0,3.01,0.82,0.03,1.73
2013-05-17,600740,3.71,3.82,3.88,3.66,163423,124854909.0,5.98,3.8,0.14,3.58
2013-05-20,600740,3.8,3.82,3.85,3.75,130503,100308706.0,2.62,0.0,0.0,2.86
2013-05-21,600740,3.8,3.85,3.96,3.79,124905,97716119.0,4.45,0.79,0.03,2.73
2013-05-22,600740,3.86,3.88,3.91,3.8,112075,87193828.0,2.86,0.78,0.03,2.45
2013-05-23,600740,3.83,3.8,3.89,3.79,93734,72618334.0,2.58,-2.06,-0.08,2.05
2013-05-24,600740,3.8,3.8,3.84,3.75,56865,43672972.0,2.37,0.0,0.0,1.24
2013-05-27,600740,3.79,3.7,3.79,3.65,100345,75937685.0,3.68,-2.63,-0.1,2.2
2013-05-28,600740,3.7,3.81,3.85,3.64,124326,94882739.0,5.68,2.97,0.11,2.72
2013-05-29,600740,3.8,3.82,3.85,3.78,83175,64153751.0,1.84,0.26,0.01,1.82
2013-05-30,600740,3.79,3.77,3.82,3.75,70757,54190705.0,1.83,-1.31,-0.05,1.55
2013-05-31,600740,3.77,3.75,3.82,3.74,56644,43429425.0,2.12,-0.53,-0.02,1.24
2013-06-03,600740,3.72,3.9,3.95,3.66,195707,150847046.0,7.73,4.0,0.15,4.28
2013-06-04,600740,3.85,3.89,3.93,3.75,164377,127680238.0,4.62,-0.26,-0.01,3.6
2013-06-05,600740,3.89,3.92,3.97,3.8,191643,150838276.0,4.37,0.77,0.03,4.2
2013-06-06,600740,3.88,3.95,4.07,3.83,258289,206434367.0,6.12,0.77,0.03,5.65
2013-06-07,600740,3.92,4.09,4.13,3.85,317907,255137144.0,7.09,3.54,0.14,6.96
2013-06-13,600740,4.01,4.21,4.27,3.91,372761,308871712.0,8.8,2.93,0.12,8.16
2013-06-14,600740,4.14,4.18,4.31,4.07,232696,193744328.0,5.7,-0.71,-0.03,5.09
2013-06-17,600740,4.15,3.98,4.25,3.98,213746,174547691.0,6.46,-4.78,-0.2,4.68
2013-06-18,600740,3.99,3.73,4.04,3.67,224376,172916059.0,9.3,-6.28,-0.25,4.91
2013-06-19,600740,3.69,3.74,3.78,3.54,158380,117741736.0,6.43,0.27,0.01,3.47
2013-06-20,600740,3.67,3.49,3.72,3.48,92498,68425540.0,6.42,-6.68,-0.25,2.02
2013-06-21,600740,3.41,3.34,3.45,3.23,107672,74598771.0,6.3,-4.3,-0.15,2.36
2013-06-24,600740,3.34,2.93,3.38,2.93,111427,72473901.0,13.47,-12.28,-0.41,2.44
2013-06-25,600740,2.83,2.86,2.96,2.56,114772,68169513.0,13.65,-2.39,-0.07,2.51
2013-06-26,600740,2.86,2.87,2.91,2.78,93500,56602729.0,4.55,0.35,0.01,2.05
2013-06-27,600740,2.88,2.69,2.95,2.68,91833,55477386.0,9.41,-6.27,-0.18,2.01
2013-06-28,600740,2.67,2.72,2.81,2.59,68697,40231537.0,8.18,1.12,0.03,1.5
2013-07-01,600740,2.71,2.83,2.88,2.66,79985,48053110.0,8.09,4.04,0.11,1.75
2013-07-02,600740,2.8,2.82,2.87,2.79,56776,34317697.0,2.83,-0.35,-0.01,1.24
2013-07-03,600740,2.83,2.82,2.86,2.76,58442,35098481.0,3.55,0.0,0.0,1.28
2013-07-04,600740,2.8,2.91,2.95,2.72,114792,70234788.0,8.16,3.19,0.09,2.51
2013-07-05,600740,2.86,2.85,2.97,2.83,78621,48569320.0,4.81,-2.06,-0.06,1.72
2013-07-08,600740,2.77,2.62,2.77,2.62,69993,40690131.0,5.26,-8.07,-0.23,1.53
2013-07-09,600740,2.62,2.67,2.73,2.62,34510,19958945.0,4.2,1.91,0.05,0.76
2013-07-10,600740,2.68,2.83,2.86,2.65,74343,44336202.0,7.87,5.99,0.16,1.63
2013-07-11,600740,2.83,2.96,3.04,2.81,164356,102750195.0,8.13,4.59,0.13,3.6
2013-07-12,600740,2.96,2.85,2.97,2.83,95734,58880627.0,4.73,-3.72,-0.11,2.1
2013-07-15,600740,2.85,2.9,2.94,2.84,58037,35623962.0,3.51,1.75,0.05,1.27
2013-07-16,600740,2.86,2.89,2.89,2.83,57723,35259864.0,2.07,-0.34,-0.01,1.26
2013-07-17,600740,2.92,2.89,3.0,2.86,90503,56359026.0,4.84,0.0,0.0,1.98
2013-07-18,600740,2.86,2.8,2.89,2.78,61335,36983572.0,3.81,-3.11,-0.09,1.34
2013-07-19,600740,2.82,2.67,2.83,2.66,59106,34892105.0,6.07,-4.64,-0.13,1.29
2013-07-22,600740,2.65,2.69,2.72,2.62,42843,24874793.0,3.75,0.75,0.02,0.94
2013-07-23,600740,2.68,2.79,2.81,2.68,60601,36011818.0,4.83,3.72,0.1,1.33
2013-07-24,600740,2.77,2.92,2.98,2.7,136116,82665482.0,10.04,4.66,0.13,2.98
2013-07-25,600740,2.89,2.91,2.97,2.86,81394,50358444.0,3.77,-0.34,-0.01,1.78
2013-07-26,600740,2.88,2.91,3.0,2.86,111497,69343167.0,4.81,0.0,0.0,2.44
2013-07-29,600740,2.89,2.89,2.92,2.8,66196,40423929.0,4.12,-0.69,-0.02,1.45
2013-07-30,600740,2.89,2.92,2.97,2.83,127706,79190562.0,4.84,1.04,0.03,2.8
2013-07-31,600740,2.92,2.88,2.95,2.85,70510,43324237.0,3.42,-1.37,-0.04,1.54
2013-08-01,600740,2.88,2.94,2.97,2.86,108346,67424990.0,3.82,2.08,0.06,2.37
2013-08-02,600740,2.96,3.02,3.14,2.91,206617,132255858.0,7.82,2.72,0.08,4.52
2013-08-05,600740,2.99,3.02,3.07,2.95,105745,67264928.0,3.97,0.0,0.0,2.31
2013-08-06,600740,3.02,3.11,3.18,2.97,163101,105905437.0,6.95,2.98,0.09,3.57
2013-08-07,600740,3.1,3.11,3.22,3.07,156631,102864558.0,4.82,0.0,0.0,3.43
2013-08-08,600740,3.09,3.07,3.17,3.04,92811,60232122.0,4.18,-1.29,-0.04,2.03
2013-08-09,600740,3.07,3.11,3.17,3.06,100914,65852404.0,3.58,1.3,0.04,2.21
2013-08-12,600740,3.12,3.46,3.49,3.09,318571,219998581.0,12.86,11.25,0.35,6.97
2013-08-13,600740,3.45,3.35,3.45,3.31,201581,139887395.0,4.05,-3.18,-0.11,4.41
2013-08-14,600740,3.36,3.31,3.46,3.27,153128,106214621.0,5.67,-1.19,-0.04,3.35
2013-08-15,600740,3.31,3.21,3.34,3.2,89932,60875486.0,4.23,-3.02,-0.1,1.97
2013-08-16,600740,3.17,3.14,3.37,3.13,104774,70454486.0,7.48,-2.18,-0.07,2.29
2013-08-19,600740,3.11,3.25,3.26,3.09,85195,56739793.0,5.41,3.5,0.11,1.86
2013-08-20,600740,3.22,3.18,3.28,3.13,75811,50653634.0,4.62,-2.15,-0.07,1.66
2013-08-21,600740,3.16,3.22,3.27,3.16,63886,42881170.0,3.46,1.26,0.04,1.4
2013-08-22,600740,3.21,3.18,3.25,3.15,56341,37592647.0,3.11,-1.24,-0.04,1.23
2013-08-23,600740,3.21,3.09,3.24,3.01,72670,47610533.0,7.23,-2.83,-0.09,1.59
2013-08-26,600740,3.12,3.16,3.18,3.1,58921,38812776.0,2.59,2.27,0.07,1.29
2013-08-27,600740,3.15,3.23,3.24,3.12,87767,58466524.0,3.8,2.22,0.07,1.92
2013-08-28,600740,3.19,3.27,3.36,3.16,155464,106006265.0,6.19,1.24,0.04,3.4
2013-08-29,600740,3.21,3.22,3.24,3.14,98582,65716065.0,3.06,-1.53,-0.05,2.16
2013-08-30,600740,3.17,3.07,3.18,3.05,96365,62934018.0,4.04,-4.66,-0.15,2.11
2013-09-02,600740,3.07,3.12,3.16,3.02,64994,42193494.0,4.56,1.63,0.05,1.42
2013-09-03,600740,3.13,3.17,3.18,3.11,64265,42465842.0,2.24,1.6,0.05,1.41
2013-09-04,600740,3.17,3.21,3.25,3.09,126324,83832589.0,5.05,1.26,0.04,2.77
2013-09-05,600740,3.2,3.32,3.36,3.15,172522,116603062.0,6.54,3.43,0.11,3.78
2013-09-06,600740,3.29,3.33,3.42,3.27,234576,162050373.0,4.52,0.3,0.01,5.13
2013-09-09,600740,3.27,3.34,3.38,3.23,195745,134603782.0,4.5,0.3,0.01,4.28
2013-09-10,600740,3.3,3.41,3.46,3.28,208619,145659054.0,5.39,2.1,0.07,4.57
2013-09-11,600740,3.41,3.41,3.51,3.35,222809,157684715.0,4.69,0.0,0.0,4.88
2013-09-12,600740,3.36,3.33,3.41,3.31,116086,80520521.0,2.93,-2.35,-0.08,2.54
2013-09-13,600740,3.33,3.23,3.34,3.21,99459,67507073.0,3.9,-3.0,-0.1,2.18
2013-09-16,600740,3.21,3.22,3.25,3.2,63635,42706019.0,1.55,-0.31,-0.01,1.39
2013-09-17,600740,3.23,3.11,3.24,3.11,71425,47085592.0,4.04,-3.42,-0.11,1.56
2013-09-18,600740,3.11,3.14,3.15,3.1,38443,25185174.0,1.61,0.96,0.03,0.84
2013-09-23,600740,3.16,3.19,3.2,3.15,55375,36789893.0,1.59,1.59,0.05,1.21
2013-09-24,600740,3.18,3.18,3.21,3.15,58142,38648661.0,1.88,-0.31,-0.01,1.27
2013-09-25,600740,3.16,3.14,3.2,3.11,64737,42681750.0,2.83,-1.26,-0.04,1.42
2013-09-26,600740,3.12,3.01,3.14,3.01,59560,38356095.0,4.14,-4.14,-0.13,1.3
2013-09-27,600740,3.04,3.04,3.11,3.02,44012,28420323.0,2.99,1.0,0.03,0.96
2013-09-30,600740,3.03,3.05,3.08,3.02,25619,16440354.0,1.97,0.33,0.01,0.56
2013-10-08,600740,3.01,3.09,3.09,2.99,45840,29466337.0,3.28,1.31,0.04,1.0
2013-10-09,600740,3.09,3.06,3.09,3.02,60279,38707667.0,2.27,-0.97,-0.03,1.32
2013-10-10,600740,3.05,3.02,3.08,2.95,86204,55059619.0,4.25,-1.31,-0.04,1.89
2013-10-11,600740,3.04,3.06,3.08,3.01,61908,39843756.0,2.32,1.32,0.04,1.36
2013-10-14,600740,3.04,3.15,3.17,3.03,132911,87104700.0,4.58,2.94,0.09,2.91
2013-10-15,600740,3.15,3.17,3.21,3.12,78912,52281406.0,2.86,0.63,0.02,1.73
2013-10-16,600740,3.16,3.15,3.21,3.07,130079,85707997.0,4.42,-0.63,-0.02,2.85
2013-10-17,600740,3.15,3.25,3.31,3.14,213790,144128713.0,5.4,3.17,0.1,4.68
2013-10-18,600740,3.2,3.26,3.3,3.18,161805,109240862.0,3.69,0.31,0.01,3.54
2013-10-21,600740,3.25,3.28,3.34,3.16,214973,145711757.0,5.52,0.61,0.02,4.71
2013-10-22,600740,3.24,3.22,3.33,3.2,154492,104744588.0,3.96,-1.83,-0.06,3.38
2013-10-23,600740,3.2,3.11,3.24,3.1,118105,78111229.0,4.35,-3.42,-0.11,2.59
2013-10-24,600740,3.08,3.01,3.12,3.01,61994,39832288.0,3.54,-3.22,-0.1,1.36
2013-10-25,600740,3.01,2.96,3.05,2.92,46436,29336261.0,4.32,-1.66,-0.05,1.02
2013-10-28,600740,2.99,2.88,2.99,2.85,50840,31386294.0,4.73,-2.7,-0.08,1.11
2013-10-29,600740,2.9,2.75,2.91,2.61,78035,46725471.0,10.42,-4.51,-0.13,1.71
2013-10-30,600740,2.76,2.83,2.88,2.7,46002,27643350.0,6.55,2.91,0.08,1.01
2013-10-31,600740,2.81,2.79,2.83,2.78,30519,18330143.0,1.77,-1.41,-0.04,0.67
2013-11-01,600740,2.79,2.82,2.84,2.79,23548,14201953.0,1.79,1.08,0.03,0.52
2013-11-04,600740,2.82,2.81,2.84,2.79,20695,12474395.0,1.77,-0.35,-0.01,0.45
2013-11-05,600740,2.81,2.82,2.82,2.73,36469,21768671.0,3.2,0.36,0.01,0.8
2013-11-06,600740,2.8,2.85,2.92,2.78,64486,39286575.0,4.96,1.06,0.03,1.41
2013-11-07,600740,2.83,2.85,2.91,2.82,54593,33401330.0,3.16,0.0,0.0,1.2
2013-11-08,600740,2.83,2.75,2.87,2.73,38711,23126755.0,4.91,-3.51,-0.1,0.85
2013-11-11,600740,2.77,2.74,2.77,2.72,22133,13048711.0,1.82,-0.36,-0.01,0.48
2013-11-12,600740,2.74,2.81,2.85,2.74,36964,22229159.0,4.01,2.55,0.07,0.81
2013-11-13,600740,2.82,2.73,2.82,2.73,29128,17294701.0,3.2,-2.85,-0.08,0.64
2013-11-14,600740,2.74,2.76,2.79,2.73,24254,14428070.0,2.2,1.1,0.03,0.53
2013-11-15,600740,2.76,2.85,2.88,2.75,60510,36613764.0,4.71,3.26,0.09,1.32
2013-11-18,600740,2.83,3.02,3.09,2.82,143419,89847529.0,9.47,5.96,0.17,3.14
2013-11-19,600740,2.98,3.04,3.06,2.96,145316,92560839.0,3.31,0.66,0.02,3.18
2013-11-20,600740,3.02,2.99,3.07,2.95,91951,58051783.0,3.95,-1.64,-0.05,2.01
2013-11-21,600740,2.95,3.01,3.07,2.95,99704,63605773.0,4.01,0.67,0.02,2.18
2013-11-22,600740,3.02,2.94,3.04,2.93,59086,37250547.0,3.65,-2.33,-0.07,1.29
2013-11-25,600740,2.93,2.94,2.96,2.89,46678,29050404.0,2.38,0.0,0.0,1.02
2013-11-26,600740,2.96,2.98,3.05,2.95,69644,44264868.0,3.4,1.36,0.04,1.52
2013-11-27,600740,2.96,3.03,3.05,2.95,62761,39908472.0,3.36,1.68,0.05,1.37
2013-11-28,600740,3.07,3.04,3.14,3.04,117778,76411336.0,3.3,0.33,0.01,2.58
2013-11-29,600740,3.02,3.11,3.21,3.02,156775,102385320.0,6.25,2.3,0.07,3.43
2013-12-02,600740,3.01,2.97,3.12,2.93,95644,61028506.0,6.11,-4.5,-0.14,2.09
2013-12-03,600740,2.95,3.06,3.08,2.95,104950,67536537.0,4.38,3.03,0.09,2.3
2013-12-04,600740,3.09,3.09,3.09,3.04,108193,69913474.0,1.63,0.98,0.03,2.37
2013-12-05,600740,3.07,3.14,3.15,3.04,131900,85797687.0,3.56,1.62,0.05,2.89
2013-12-06,600740,3.1,3.08,3.14,3.06,59377,38583527.0,2.55,-1.91,-0.06,1.3
2013-12-09,600740,3.09,3.07,3.11,3.06,35666,23062088.0,1.62,-0.32,-0.01,0.78
2013-12-10,600740,3.07,3.05,3.09,3.04,37390,24092016.0,1.63,-0.65,-0.02,0.82
2013-12-11,600740,3.04,2.96,3.05,2.95,42555,26875774.0,3.28,-2.95,-0.09,0.93
2013-12-12,600740,3.0,2.98,3.01,2.94,34076,21493393.0,2.36,0.68,0.02,0.75
2013-12-13,600740,2.94,2.97,2.99,2.93,26470,16622707.0,2.01,-0.34,-0.01,0.58
2013-12-16,600740,2.99,2.88,2.99,2.85,46607,28772527.0,4.71,-3.03,-0.09,1.02
2013-12-17,600740,2.87,2.85,2.9,2.83,25290,15446083.0,2.43,-1.04,-0.03,0.55
2013-12-18,600740,2.86,2.79,2.86,2.78,44588,26858541.0,2.81,-2.11,-0.06,0.98
2013-12-19,600740,2.81,2.76,2.83,2.76,31988,19178583.0,2.51,-1.08,-0.03,0.7
2013-12-20,600740,2.76,2.67,2.79,2.67,41857,24600646.0,4.35,-3.26,-0.09,0.92
2013-12-23,600740,2.67,2.69,2.71,2.66,18464,10730250.0,1.87,0.75,0.02,0.4
2013-12-24,600740,2.64,2.76,2.77,2.64,39697,23395987.0,4.83,2.6,0.07,0.87
2013-12-25,600740,2.75,2.79,2.79,2.73,20175,12024013.0,2.17,1.09,0.03,0.44
2013-12-26,600740,2.79,2.76,2.81,2.75,30861,18397855.0,2.15,-1.08,-0.03,0.68
2013-12-27,600740,2.76,2.78,2.79,2.76,18483,11016412.0,1.09,0.72,0.02,0.4
2013-12-30,600740,2.8,2.78,2.82,2.76,29217,17479005.0,2.16,0.0,0.0,0.64
2013-12-31,600740,2.78,2.8,2.83,2.71,65409,39103292.0,4.32,0.72,0.02,1.43
2014-01-02,600740,2.78,2.76,2.78,2.75,22762,13511025.0,1.07,-1.43,-0.04,0.5
2014-01-03,600740,2.75,2.73,2.77,2.7,25251,14884815.0,2.54,-1.09,-0.03,0.55
2014-01-06,600740,2.74,2.72,2.75,2.65,29915,17426892.0,3.66,-0.37,-0.01,0.65
2014-01-07,600740,2.72,2.69,2.73,2.68,14916,8705311.0,1.84,-1.1,-0.03,0.33
2014-01-08,600740,2.69,2.66,2.72,2.62,28106,16208818.0,3.72,-1.12,-0.03,0.62
2014-01-09,600740,2.65,2.85,2.99,2.63,220658,132663281.0,13.53,7.14,0.19,4.83
2014-01-10,600740,2.82,2.82,2.92,2.79,187697,114304549.0,4.56,-1.05,-0.03,4.11
2014-01-13,600740,2.82,2.76,2.83,2.72,144681,86487261.0,3.9,-2.13,-0.06,3.17
2014-01-14,600740,2.75,2.77,2.78,2.66,47719,28072678.0,4.35,0.36,0.01,1.04
2014-01-15,600740,2.75,2.75,2.78,2.73,27809,16477378.0,1.81,-0.72,-0.02,0.61
2014-01-16,600740,2.75,2.79,2.86,2.7,108337,65044511.0,5.82,1.45,0.04,2.37
2014-01-17,600740,2.76,2.66,2.78,2.63,35314,20713203.0,5.38,-4.66,-0.13,0.77
2014-01-20,600740,2.66,2.69,2.74,2.64,24300,14129581.0,3.76,1.13,0.03,0.53
2014-01-21,600740,2.72,2.69,2.73,2.66,21137,12300674.0,2.6,0.0,0.0,0.46
2014-01-22,600740,2.68,2.78,2.82,2.68,46333,27512493.0,5.2,3.35,0.09,1.01
2014-01-23,600740,2.78,2.75,2.83,2.73,85212,50772837.0,3.6,-1.08,-0.03,1.87
2014-01-24,600740,2.74,2.87,2.95,2.73,180961,110561536.0,8.0,4.36,0.12,3.96
2014-01-27,600740,2.85,3.04,3.14,2.83,364224,231765809.0,10.8,5.92,0.17,7.97
2014-01-28,600740,3.05,3.0,3.07,2.99,138318,88326117.0,2.63,-1.32,-0.04,3.03
2014-01-29,600740,3.02,3.01,3.04,2.99,78745,50065881.0,1.67,0.33,0.01,1.72
2014-01-30,600740,3.02,2.96,3.04,2.95,36973,23429038.0,2.99,-1.66,-0.05,0.81
2014-02-07,600740,2.95,2.98,2.99,2.94,84307,53072369.0,1.69,0.68,0.02,1.85
2014-02-10,600740,2.98,3.35,3.35,2.98,638116,431796864.0,12.42,12.42,0.37,13.97
2014-02-11,600740,3.29,3.5,3.67,3.25,801558,566690352.0,12.54,4.48,0.15,17.55
2014-02-12,600740,3.45,3.32,3.45,3.27,595695,411347488.0,5.14,-5.14,-0.18,13.04
2014-02-13,600740,3.29,3.27,3.38,3.17,409954,280048560.0,6.33,-1.51,-0.05,8.97
2014-02-14,600740,3.26,3.24,3.29,3.19,270160,181374265.0,3.06,-0.92,-0.03,5.91
2014-02-17,600740,3.26,3.25,3.26,3.15,236707,158309778.0,3.4,0.31,0.01,5.18
2014-02-18,600740,3.23,3.26,3.31,3.18,200985,135702385.0,4.0,0.31,0.01,4.4
2014-02-19,600740,3.25,3.15,3.3,3.14,188185,125370811.0,4.91,-3.37,-0.11,4.12
2014-02-20,600740,3.15,3.17,3.28,3.14,172085,115360898.0,4.44,0.63,0.02,3.77
2014-02-21,600740,3.13,2.94,3.17,2.92,193479,123085197.0,7.89,-7.26,-0.23,4.24
2014-02-24,600740,2.92,2.86,2.95,2.83,99726,61462293.0,4.08,-2.72,-0.08,2.18
2014-02-25,600740,2.86,2.76,2.91,2.74,94108,56908845.0,5.94,-3.5,-0.1,1.43
2014-02-26,600740,2.78,2.81,2.82,2.71,57032,33881549.0,3.99,1.81,0.05,0.87
2014-02-27,600740,2.82,2.74,2.85,2.73,71875,43131017.0,4.27,-2.49,-0.07,1.09
2014-02-28,600740,2.76,2.76,2.76,2.69,52202,30708589.0,2.55,0.73,0.02,0.79
2014-03-03,600740,2.72,2.79,2.82,2.72,55550,33146481.0,3.62,1.09,0.03,0.85
2014-03-04,600740,2.79,2.76,2.79,2.72,50556,29894268.0,2.51,-1.08,-0.03,0.77
2014-03-05,600740,2.76,2.82,2.9,2.74,85762,51767878.0,5.8,2.17,0.06,1.31
2014-03-06,600740,2.79,2.78,2.82,2.72,59694,35431256.0,3.55,-1.42,-0.04,0.91
2014-03-07,600740,2.76,2.75,2.8,2.75,39661,23610867.0,1.8,-1.08,-0.03,0.6
2014-03-10,600740,2.72,2.56,2.72,2.56,72264,41348789.0,5.82,-6.91,-0.19,1.1
2014-03-11,600740,2.56,2.59,2.63,2.53,46347,26092483.0,3.91,1.17,0.03,0.71
2014-03-12,600740,2.55,2.6,2.63,2.55,32344,18328036.0,3.09,0.39,0.01,0.49
2014-03-13,600740,2.59,2.63,2.7,2.59,45245,25946631.0,4.23,1.15,0.03,0.69
2014-03-14,600740,2.62,2.6,2.65,2.59,28044,15938730.0,2.28,-1.14,-0.03,0.43
2014-03-17,600740,2.59,2.65,2.69,2.59,36681,21069478.0,3.85,1.92,0.05,0.56
2014-03-18,600740,2.63,2.64,2.67,2.62,41300,23653108.0,1.89,-0.38,-0.01,0.63
2014-03-19,600740,2.63,2.67,2.71,2.61,61938,35756871.0,3.79,1.14,0.03,0.94
2014-03-20,600740,2.65,2.63,2.71,2.63,65515,37925672.0,3.0,-1.5,-0.04,1.0
2014-03-21,600740,2.61,2.72,2.76,2.59,112569,65724849.0,6.46,3.42,0.09,1.71
2014-03-24,600740,2.69,2.71,2.76,2.67,84843,49655197.0,3.31,-0.37,-0.01,1.29
2014-03-25,600740,2.7,2.82,2.89,2.69,159968,96167275.0,7.38,4.06,0.11,2.44
2014-03-26,600740,2.79,2.78,2.81,2.74,70006,41658648.0,2.48,-1.42,-0.04,1.07
2014-03-27,600740,2.77,2.77,2.83,2.75,76842,45992595.0,2.88,-0.36,-0.01,1.17
2014-03-28,600740,2.77,2.66,2.78,2.64,67659,39527775.0,5.05,-3.97,-0.11,1.03
2014-03-31,600740,2.67,2.58,2.69,2.56,40519,23168656.0,4.89,-3.01,-0.08,0.62
2014-04-01,600740,2.57,2.61,2.62,2.57,27073,15345376.0,1.94,1.16,0.03,0.41
2014-04-02,600740,2.61,2.65,2.66,2.59,27717,15870579.0,2.68,1.53,0.04,0.42
2014-04-03,600740,2.65,2.62,2.66,2.59,24951,14228659.0,2.64,-1.13,-0.03,0.38
2014-04-04,600740,2.63,2.66,2.69,2.6,29552,16950291.0,3.44,1.53,0.04,0.45
2014-04-08,600740,2.64,2.72,2.76,2.63,51671,30298242.0,4.89,2.26,0.06,0.79
2014-04-09,600740,2.73,2.75,2.76,2.71,41394,24370165.0,1.84,1.1,0.03,0.63
2014-04-10,600740,2.77,2.78,2.79,2.74,59033,35099510.0,1.82,1.09,0.03,0.9
2014-04-11,600740,2.78,2.7,2.78,2.7,41665,24446140.0,2.88,-2.88,-0.08,0.63
2014-04-14,600740,2.69,2.73,2.74,2.68,37386,21864715.0,2.22,1.11,0.03,0.57
2014-04-15,600740,2.72,2.66,2.72,2.66,34031,19791903.0,2.2,-2.56,-0.07,0.52
2014-04-16,600740,2.67,2.67,2.7,2.65,29391,16980858.0,1.88,0.38,0.01,0.45
2014-04-17,600740,2.67,2.66,2.68,2.66,19915,11514766.0,0.75,-0.37,-0.01,0.3
2014-04-18,600740,2.65,2.66,2.71,2.64,28449,16449184.0,2.63,0.0,0.0,0.43
2014-04-21,600740,2.65,2.59,2.67,2.56,35486,20211033.0,4.14,-2.63,-0.07,0.54
2014-04-22,600740,2.58,2.6,2.61,2.55,31409,17697361.0,2.32,0.39,0.01,0.48
2014-04-23,600740,2.59,2.63,2.72,2.59,43128,24813232.0,5.0,1.15,0.03,0.66
2014-04-24,600740,2.63,2.64,2.69,2.6,39210,22516476.0,3.42,0.38,0.01,0.6
2014-04-25,600740,2.64,2.57,2.66,2.56,38274,21771237.0,3.79,-2.65,-0.07,0.58
2014-04-28,600740,2.56,2.3,2.56,2.28,64095,34059652.0,10.89,-10.51,-0.27,0.98
2014-04-29,600740,2.32,2.36,2.38,2.3,43832,22804968.0,3.48,2.61,0.06,0.67
2014-04-30,600740,2.36,2.34,2.36,2.32,25528,13330575.0,1.69,-0.85,-0.02,0.39
2014-05-05,600740,2.36,2.36,2.36,2.31,20969,10951940.0,2.14,0.85,0.02,0.32
2014-05-06,600740,2.34,2.36,2.39,2.34,26060,13723924.0,2.12,0.0,0.0,0.4
2014-05-07,600740,2.35,2.3,2.38,2.29,29866,15644802.0,3.81,-2.54,-0.06,0.45
2014-05-08,600740,2.32,2.44,2.45,2.29,76096,40401598.0,6.96,6.09,0.14,1.16
2014-05-09,600740,2.43,2.45,2.57,2.43,105289,57664269.0,5.74,0.41,0.01,1.6
2014-05-12,600740,2.44,2.66,2.71,2.38,190047,107320219.0,13.47,8.57,0.21,2.89
2014-05-13,600740,2.62,2.53,2.66,2.51,110598,62224505.0,5.64,-4.89,-0.13,1.68
2014-05-14,600740,2.53,2.48,2.56,2.46,48529,26658100.0,3.95,-1.98,-0.05,0.74
2014-05-15,600740,2.49,2.4,2.51,2.4,33760,18294324.0,4.44,-3.23,-0.08,0.51
2014-05-16,600740,2.39,2.43,2.43,2.36,28155,14983945.0,2.92,1.25,0.03,0.43
2014-05-19,600740,2.4,2.36,2.43,2.34,25592,13476544.0,3.7,-2.88,-0.07,0.39
2014-05-20,600740,2.38,2.37,2.4,2.34,21059,11122932.0,2.54,0.42,0.01,0.32
2014-05-21,600740,2.37,2.43,2.46,2.34,35903,19269550.0,5.06,2.53,0.06,0.55
2014-05-22,600740,2.43,2.4,2.46,2.39,26904,14439874.0,2.88,-1.23,-0.03,0.41
2014-05-23,600740,2.39,2.4,2.41,2.38,16772,8906264.0,1.25,0.0,0.0,0.26
2014-05-26,600740,2.39,2.42,2.43,2.39,16919,9048668.0,1.67,0.83,0.02,0.26
2014-05-27,600740,2.42,2.39,2.44,2.38,15348,8187514.0,2.48,-1.24,-0.03,0.23
2014-05-28,600740,2.38,2.44,2.47,2.38,24974,13441833.0,3.77,2.09,0.05,0.38
2014-05-29,600740,2.41,2.51,2.53,2.41,48778,26399459.0,4.92,2.87,0.07,0.74
2014-05-30,600740,2.5,2.49,2.56,2.47,71456,39449470.0,3.59,-0.8,-0.02,1.09
2014-06-03,600740,2.5,2.48,2.57,2.47,58801,32470971.0,4.02,-0.4,-0.01,0.9
2014-06-04,600740,2.48,2.44,2.53,2.43,31799,17322207.0,4.03,-1.61,-0.04,0.48
2014-06-05,600740,2.44,2.5,2.55,2.41,49283,26951222.0,5.74,2.46,0.06,0.75
2014-06-06,600740,2.5,2.5,2.56,2.47,59466,32825788.0,3.6,0.0,0.0,0.91
2014-06-09,600740,2.46,2.44,2.49,2.43,36164,19619464.0,2.4,-2.4,-0.06,0.55
2014-06-10,600740,2.44,2.42,2.47,2.38,47481,25351040.0,3.69,-0.82,-0.02,0.72
2014-06-11,600740,2.41,2.4,2.42,2.37,42510,22625087.0,2.07,-0.83,-0.02,0.65
2014-06-12,600740,2.4,2.38,2.41,2.37,24084,12791839.0,1.67,-0.83,-0.02,0.37
2014-06-13,600740,2.38,2.41,2.42,2.38,36857,19658930.0,1.68,1.26,0.03,0.56
2014-06-16,600740,2.41,2.41,2.42,2.4,38957,20817211.0,0.83,0.0,0.0,0.59
2014-06-17,600740,2.41,2.38,2.41,2.37,28318,15003283.0,1.66,-1.24,-0.03,0.43
2014-06-18,600740,2.38,2.34,2.38,2.33,38281,20061979.0,2.1,-1.68,-0.04,0.58
2014-06-19,600740,2.34,2.25,2.36,2.24,36836,18913135.0,5.13,-3.85,-0.09,0.56
2014-06-20,600740,2.25,2.27,2.28,2.24,14658,7458233.0,1.78,0.89,0.02,0.22
2014-06-23,600740,2.27,2.28,2.34,2.27,19063,9826659.0,3.08,0.44,0.01,0.29
2014-06-24,600740,2.29,2.31,2.33,2.28,14709,7588887.0,2.19,1.32,0.03,0.22
2014-06-25,600740,2.31,2.31,2.38,2.26,25955,13505206.0,5.19,0.0,0.0,0.4
2014-06-26,600740,2.3,2.33,2.34,2.3,18979,9870751.0,1.73,0.87,0.02,0.29
2014-06-27,600740,2.32,2.34,2.36,2.31,24688,12895298.0,2.15,0.43,0.01,0.38
2014-06-30,600740,2.33,2.34,2.36,2.31,29333,15280998.0,2.14,0.0,0.0,0.45
2014-07-01,600740,2.34,2.36,2.37,2.32,37593,19669608.0,2.14,0.85,0.02,0.57
2014-07-02,600740,2.36,2.41,2.44,2.33,88901,47273675.0,4.66,2.12,0.05,1.35
2014-07-03,600740,2.4,2.38,2.41,2.38,41204,21872093.0,1.24,-1.24,-0.03,0.63
2014-07-04,600740,2.39,2.43,2.49,2.38,100560,54078971.0,4.62,2.1,0.05,1.53
2014-07-07,600740,2.43,2.44,2.47,2.42,63696,34434901.0,2.06,0.41,0.01,0.97
2014-07-08,600740,2.46,2.56,2.65,2.44,212896,118073569.0,8.61,4.92,0.12,3.24
2014-07-09,600740,2.54,2.56,2.59,2.5,224646,125031389.0,3.52,0.0,0.0,3.42
2014-07-10,600740,2.52,2.55,2.56,2.51,85170,47270544.0,1.95,-0.39,-0.01,1.3
2014-07-11,600740,2.55,2.67,2.73,2.51,274235,156319435.0,8.63,4.71,0.12,4.18
2014-07-14,600740,2.64,2.67,2.73,2.62,240382,138534400.0,4.12,0.0,0.0,3.66
2014-07-15,600740,2.67,2.69,2.77,2.64,236210,137577594.0,4.87,0.75,0.02,3.6
2014-07-16,600740,2.66,2.67,2.73,2.62,192493,110881906.0,4.09,-0.74,-0.02,2.93
2014-07-17,600740,2.66,2.63,2.66,2.6,134846,76931638.0,2.25,-1.5,-0.04,2.05
2014-07-18,600740,2.61,2.54,2.62,2.52,141387,78975140.0,3.8,-3.42,-0.09,2.15
2014-07-21,600740,2.51,2.52,2.55,2.45,52496,29057220.0,3.94,-0.79,-0.02,0.8
2014-07-22,600740,2.51,2.56,2.62,2.51,91072,51330776.0,4.37,1.59,0.04,1.39
2014-07-23,600740,2.57,2.64,2.69,2.57,142838,81777561.0,4.69,3.13,0.08,2.17
2014-07-24,600740,2.69,2.67,2.73,2.59,153558,88655438.0,5.3,1.14,0.03,2.34
2014-07-25,600740,2.68,2.69,2.73,2.63,143245,83323134.0,3.75,0.75,0.02,2.18
2014-10-30,600740,3.03,3.03,3.03,2.92,225967,143942201.0,4.09,12.64,0.34,3.44
2014-10-31,600740,3.08,3.12,3.22,2.98,610395,399304096.0,7.92,2.97,0.09,9.29
2014-11-03,600740,3.09,3.04,3.11,2.99,280994,180349697.0,3.85,-2.56,-0.08,4.28
2014-11-04,600740,3.04,3.15,3.32,3.01,376806,248950085.0,10.2,3.62,0.11,5.74
2014-11-05,600740,3.11,3.05,3.14,3.04,207516,133941856.0,3.17,-3.17,-0.1,3.16
2014-11-06,600740,3.07,3.04,3.08,2.96,127677,81275912.0,3.93,-0.33,-0.01,1.94
2014-11-07,600740,3.02,2.98,3.07,2.96,149518,95091424.0,3.62,-1.97,-0.06,2.28
2014-11-10,600740,2.99,3.04,3.06,2.97,123976,79071866.0,3.02,2.01,0.06,1.89
2014-11-11,600740,3.05,2.98,3.18,2.93,245011,158095506.0,8.22,-1.97,-0.06,3.73
2014-11-12,600740,2.98,3.02,3.03,2.92,134911,85348372.0,3.69,1.34,0.04,2.05
2014-11-13,600740,3.02,3.06,3.09,2.92,217409,138681875.0,5.63,1.32,0.04,3.31
2014-11-14,600740,3.03,3.07,3.11,3.01,196618,126953446.0,3.27,0.33,0.01,2.99
2014-11-17,600740,3.07,3.02,3.07,2.96,118051,74964033.0,3.58,-1.63,-0.05,1.8
2014-11-18,600740,2.99,3.02,3.05,2.99,68346,43460363.0,1.99,0.0,0.0,1.04
2014-11-19,600740,3.02,2.99,3.02,2.96,80237,50804293.0,1.99,-0.99,-0.03,1.22
2014-11-20,600740,2.99,3.01,3.05,2.97,84055,53417705.0,2.68,0.67,0.02,1.28
2014-11-21,600740,3.01,3.02,3.03,2.98,108887,69296241.0,1.66,0.33,0.01,1.66
2014-11-24,600740,3.05,3.08,3.12,3.02,230488,149396077.0,3.31,1.99,0.06,3.51
2014-11-25,600740,3.09,3.15,3.17,3.07,252518,165516672.0,3.25,2.27,0.07,3.84
2014-11-26,600740,3.15,3.17,3.18,3.1,213208,140220427.0,2.54,0.63,0.02,3.25
2014-11-27,600740,3.2,3.18,3.3,3.12,256149,171208131.0,5.68,0.32,0.01,3.9
2014-11-28,600740,3.21,3.12,3.21,3.03,225211,146758401.0,5.66,-1.89,-0.06,3.43
2014-12-01,600740,3.09,3.17,3.27,3.07,277461,184927875.0,6.41,1.6,0.05,4.22
2014-12-02,600740,3.18,3.2,3.21,3.12,224828,149357608.0,2.84,0.95,0.03,3.42
2014-12-03,600740,3.18,3.32,3.38,3.18,403633,275340576.0,6.25,3.75,0.12,6.15
2014-12-04,600740,3.32,3.55,3.56,3.32,560027,399362992.0,7.23,6.93,0.23,8.53
2014-12-05,600740,3.56,3.34,3.57,3.22,380553,265702632.0,9.86,-5.92,-0.21,5.79
2014-12-08,600740,3.28,3.4,3.43,3.24,280540,194006528.0,5.69,1.8,0.06,4.27
2014-12-09,600740,3.37,3.14,3.47,3.08,311929,214463953.0,11.47,-7.65,-0.26,4.75
2014-12-10,600740,3.11,3.2,3.21,3.07,188299,124121649.0,4.46,1.91,0.06,2.87
2014-12-11,600740,3.16,3.22,3.23,3.12,175891,117069671.0,3.44,0.63,0.02,2.68
2014-12-12,600740,3.22,3.26,3.27,3.21,155848,105373258.0,1.86,1.24,0.04,2.37
2014-12-15,600740,3.24,3.28,3.28,3.2,109764,74330176.0,2.45,0.61,0.02,1.67
2014-12-16,600740,3.25,3.36,3.37,3.25,234022,161111172.0,3.66,2.44,0.08,3.56
2014-12-17,600740,3.33,3.26,3.35,3.2,170446,116048241.0,4.46,-2.98,-0.1,2.59
2014-12-18,600740,3.3,3.34,3.43,3.25,254546,176235119.0,5.52,2.45,0.08,3.88
2014-12-22,600740,3.43,3.5,3.67,3.34,429181,307167280.0,9.88,4.79,0.16,6.53
2014-12-23,600740,3.45,3.24,3.45,3.21,173218,118871889.0,6.86,-7.43,-0.26,2.64
2014-12-24,600740,3.22,3.25,3.3,3.19,91165,61680320.0,3.4,0.31,0.01,1.39
2014-12-25,600740,3.31,3.39,3.42,3.27,146705,102087493.0,4.62,4.31,0.14,2.23
2014-12-26,600740,3.41,3.4,3.42,3.34,155907,109034189.0,2.36,0.29,0.01,2.37
2014-12-29,600740,3.39,3.35,3.47,3.29,182978,128052713.0,5.29,-1.47,-0.05,2.79
2014-12-30,600740,3.32,3.2,3.35,3.16,219098,147400809.0,5.67,-4.48,-0.15,3.34
2014-12-31,600740,3.18,3.22,3.25,3.08,137867,91401665.0,5.31,0.63,0.02,2.1
2015-01-05,600740,3.22,3.62,3.62,3.22,611242,439872912.0,12.42,12.42,0.4,9.31
2015-01-06,600740,3.58,3.46,3.59,3.4,377518,270129216.0,5.25,-4.42,-0.16,5.75
2015-01-07,600740,3.42,3.49,3.5,3.39,200210,141967163.0,3.18,0.87,0.03,3.05
2015-01-08,600740,3.46,3.44,3.52,3.35,182256,129334448.0,4.87,-1.43,-0.05,2.77
2015-01-09,600740,3.41,3.33,3.46,3.33,175153,123163700.0,3.78,-3.2,-0.11,2.67
2015-01-12,600740,3.28,3.21,3.31,3.2,108429,73171681.0,3.3,-3.6,-0.12,1.65
2015-01-13,600740,3.21,3.24,3.26,3.18,59710,40196835.0,2.49,0.93,0.03,0.91
2015-01-14,600740,3.22,3.15,3.27,3.11,104242,69357772.0,4.94,-2.78,-0.09,1.59
2015-01-15,600740,3.18,3.23,3.24,3.15,93598,62476475.0,2.86,2.54,0.08,1.42
2015-01-16,600740,3.24,3.23,3.28,3.2,106344,71736923.0,2.48,0.0,0.0,1.62
2015-01-19,600740,3.12,2.92,3.18,2.84,207334,132443821.0,10.53,-9.6,-0.31,3.16
2015-01-20,600740,2.9,2.98,3.01,2.9,121191,76085372.0,3.77,2.05,0.06,1.85
2015-01-21,600740,2.99,3.09,3.11,2.99,119286,76769589.0,4.03,3.69,0.11,1.82
2015-01-22,600740,3.08,3.14,3.17,3.06,127507,83647537.0,3.56,1.62,0.05,1.94
2015-01-23,600740,3.15,3.14,3.17,3.11,125956,82902908.0,1.91,0.0,0.0,1.92
2015-01-26,600740,3.1,3.18,3.19,3.09,96634,63982753.0,3.18,1.27,0.04,1.47
2015-01-27,600740,3.21,3.19,3.23,3.11,108595,72124796.0,3.77,0.31,0.01,1.65
2015-01-28,600740,3.18,3.16,3.21,3.14,77098,51254992.0,2.19,-0.94,-0.03,1.17
2015-01-29,600740,3.14,3.17,3.18,3.11,72512,47851472.0,2.22,0.32,0.01,1.1
2015-01-30,600740,3.16,3.09,3.19,3.09,53888,35358751.0,3.15,-2.52,-0.08,0.82
2015-02-02,600740,3.03,3.05,3.09,3.01,53922,34675187.0,2.59,-1.29,-0.04,0.82
2015-02-03,600740,3.07,3.1,3.11,3.05,51196,33189776.0,1.97,1.64,0.05,0.78
2015-02-04,600740,3.14,3.13,3.2,3.1,89606,59164936.0,3.23,0.97,0.03,1.36
2015-02-05,600740,3.17,3.04,3.19,3.02,56244,36783255.0,5.43,-2.88,-0.09,0.86
2015-02-06,600740,3.01,2.95,3.07,2.91,79130,50032966.0,5.26,-2.96,-0.09,1.2
2015-02-09,600740,2.95,2.98,3.0,2.93,43092,27088785.0,2.37,1.02,0.03,0.66
2015-02-10,600740,2.98,2.98,3.02,2.96,46170,29157770.0,2.01,0.0,0.0,0.7
2015-02-11,600740,3.0,2.98,3.02,2.98,40364,25570342.0,1.34,0.0,0.0,0.61
2015-02-12,600740,2.98,3.01,3.01,2.97,35052,22174168.0,1.34,1.01,0.03,0.53
2015-02-13,600740,3.01,3.11,3.14,3.01,91806,59607184.0,4.32,3.32,0.1,1.4
2015-02-16,600740,3.11,3.14,3.17,3.1,64674,42622081.0,2.25,0.96,0.03,0.98
2015-02-17,600740,3.15,3.15,3.17,3.09,71704,47158323.0,2.55,0.32,0.01,1.09
2015-02-25,600740,3.14,3.14,3.18,3.12,77244,50872180.0,1.9,-0.32,-0.01,1.18
2015-02-26,600740,3.14,3.2,3.21,3.12,88923,59018763.0,2.87,1.91,0.06,1.35
2015-02-27,600740,3.21,3.27,3.3,3.19,125861,84955054.0,3.44,2.19,0.07,1.92
2015-03-02,600740,3.28,3.28,3.3,3.21,150380,101794337.0,2.75,0.31,0.01,2.29
2015-03-03,600740,3.25,3.23,3.3,3.22,138926,93925867.0,2.44,-1.52,-0.05,2.12
2015-03-04,600740,3.23,3.29,3.31,3.22,128753,87642357.0,2.79,1.86,0.06,1.96
2015-03-05,600740,3.28,3.31,3.31,3.25,105217,71741141.0,1.82,0.61,0.02,1.6
2015-03-06,600740,3.31,3.32,3.38,3.29,165367,114235433.0,2.72,0.3,0.01,2.52
2015-03-09,600740,3.29,3.36,3.36,3.25,147099,100879531.0,3.31,1.2,0.04,2.24
2015-03-10,600740,3.35,3.37,3.41,3.34,151554,105757307.0,2.08,0.3,0.01,2.31
2015-03-11,600740,3.35,3.3,3.38,3.27,154309,106118023.0,3.26,-2.08,-0.07,2.35
2015-03-12,600740,3.33,3.32,3.37,3.3,113168,78155499.0,2.12,0.61,0.02,1.72
2015-03-13,600740,3.34,3.41,3.49,3.32,270133,190586165.0,5.12,2.71,0.09,4.11
2015-03-16,600740,3.4,3.46,3.49,3.38,240300,170385243.0,3.23,1.47,0.05,3.66
2015-03-17,600740,3.47,3.49,3.53,3.45,226792,162440068.0,2.31,0.87,0.03,3.45
2015-03-18,600740,3.47,3.65,3.73,3.46,401932,298119200.0,7.74,4.58,0.16,6.12
2015-03-19,600740,3.63,3.7,3.76,3.59,323534,242466888.0,4.66,1.37,0.05,4.93
2015-03-20,600740,3.69,3.67,3.73,3.61,206093,153688823.0,3.24,-0.81,-0.03,3.14
2015-03-23,600740,3.67,3.76,3.8,3.67,241777,183748427.0,3.54,2.45,0.09,3.68
2015-03-24,600740,3.76,3.69,3.8,3.57,254239,191507511.0,6.12,-1.86,-0.07,3.87
2015-03-25,600740,3.69,3.85,3.91,3.65,318621,244236130.0,7.05,4.34,0.16,4.85
2015-03-26,600740,3.84,3.83,3.94,3.75,285141,221210807.0,4.94,-0.52,-0.02,4.34
2015-03-27,600740,3.84,3.85,3.89,3.78,195811,152284830.0,2.87,0.52,0.02,2.98
2015-03-30,600740,3.87,3.89,3.89,3.82,284404,221915279.0,1.82,1.04,0.04,4.33
2015-03-31,600740,3.89,3.87,3.96,3.83,253105,198523972.0,3.34,-0.51,-0.02,3.85
2015-04-01,600740,3.88,3.9,3.94,3.85,234626,184085442.0,2.33,0.78,0.03,3.57
2015-04-02,600740,3.9,3.95,3.99,3.88,290161,229870688.0,2.82,1.28,0.05,4.42
2015-04-03,600740,3.96,4.05,4.1,3.92,358166,289350736.0,4.56,2.53,0.1,5.45
2015-04-07,600740,4.06,4.11,4.14,4.04,450563,369252464.0,2.47,1.48,0.06,6.86
2015-04-08,600740,4.09,4.01,4.11,3.95,399037,322925360.0,3.89,-2.43,-0.1,6.08
2015-04-09,600740,4.01,3.88,4.04,3.79,315729,248478048.0,6.23,-3.24,-0.13,4.81
2015-04-10,600740,3.86,4.01,4.04,3.86,349329,277363088.0,4.64,3.35,0.13,5.32
2015-04-13,600740,4.01,4.09,4.1,3.99,336448,273234400.0,2.74,2.0,0.08,5.12
2015-04-14,600740,4.07,4.08,4.17,4.04,330397,270836560.0,3.18,-0.24,-0.01,5.03
2015-04-15,600740,4.07,3.87,4.12,3.86,339441,271952672.0,6.37,-5.15,-0.21,5.17
2015-04-16,600740,3.8,3.96,4.02,3.78,271995,214721134.0,6.2,2.33,0.09,4.14
2015-04-17,600740,3.98,4.1,4.14,3.98,416838,340823376.0,4.04,3.54,0.14,6.35
2015-04-20,600740,4.05,4.06,4.21,3.99,536782,441189440.0,5.37,-0.98,-0.04,8.17
2015-04-21,600740,4.01,4.3,4.31,4.01,488890,406496160.0,7.39,5.91,0.24,7.44
2015-04-22,600740,4.28,4.46,4.51,4.25,480378,417950768.0,6.05,3.72,0.16,7.31
2015-04-23,600740,4.5,4.54,4.63,4.35,521879,462414560.0,6.28,1.79,0.08,7.95
2015-04-24,600740,4.48,4.51,4.62,4.43,339541,302070800.0,4.19,-0.66,-0.03,5.17
2015-04-27,600740,4.5,4.58,4.65,4.48,361341,324434112.0,3.77,1.55,0.07,5.5
2015-04-28,600740,4.57,4.34,4.6,4.28,352398,309276432.0,6.99,-5.24,-0.24,5.37
2015-04-29,600740,4.36,4.5,4.55,4.25,244490,215536057.0,6.91,3.69,0.16,3.72
2015-04-30,600740,4.5,4.43,4.53,4.41,189593,167179731.0,2.67,-1.56,-0.07,2.89
2015-05-04,600740,4.44,4.53,4.54,4.34,217908,191798061.0,4.51,2.26,0.1,3.32
2015-05-05,600740,4.53,4.32,4.65,4.28,281987,249858716.0,8.17,-4.64,-0.21,4.29
2015-05-06,600740,4.31,4.13,4.43,4.03,227527,193974945.0,9.26,-4.4,-0.19,3.46
2015-05-07,600740,4.1,3.85,4.15,3.83,229028,181932060.0,7.75,-6.78,-0.28,3.49
2015-05-08,600740,3.91,3.99,4.01,3.86,134922,106841401.0,3.9,3.64,0.14,2.05
2015-05-11,600740,4.04,4.09,4.12,3.96,170406,138895224.0,4.01,2.51,0.1,2.59
2015-05-12,600740,4.09,4.12,4.13,4.06,212006,173869448.0,1.71,0.73,0.03,3.23
2015-05-13,600740,4.1,4.12,4.16,4.02,205588,167954068.0,3.4,0.0,0.0,3.13
2015-05-14,600740,4.11,4.24,4.25,4.08,245984,204463276.0,4.13,2.91,0.12,3.75
2015-05-15,600740,4.19,4.04,4.21,4.01,182568,149470976.0,4.72,-4.72,-0.2,2.78
2015-05-18,600740,3.98,4.07,4.1,3.96,175847,142603952.0,3.47,0.74,0.03,2.68
2015-05-19,600740,4.06,4.22,4.24,4.04,204566,169406766.0,4.91,3.69,0.15,3.11
2015-05-20,600740,4.23,4.22,4.41,4.21,261895,223829188.0,4.74,0.0,0.0,3.99
2015-05-21,600740,4.21,4.34,4.37,4.21,236218,200837813.0,3.79,2.84,0.12,3.6
2015-05-22,600740,4.4,4.56,4.63,4.36,414694,368580368.0,6.22,5.07,0.22,6.31
2015-05-25,600740,4.5,4.78,4.82,4.47,422963,389295328.0,7.68,4.82,0.22,6.44
2015-05-26,600740,4.86,5.33,5.33,4.69,582222,560820256.0,13.39,11.51,0.55,8.86
2015-05-27,600740,5.43,5.52,5.69,5.27,752232,793249216.0,7.88,3.56,0.19,11.45
2015-05-28,600740,5.45,5.29,6.09,5.15,694154,741074448.0,17.03,-4.17,-0.23,10.57
2015-05-29,600740,5.28,5.37,5.6,4.98,497414,510730752.0,11.72,1.51,0.08,7.57
2015-06-01,600740,5.37,5.86,5.96,5.37,479534,522032224.0,10.99,9.12,0.49,7.3
2015-06-02,600740,5.88,5.79,5.92,5.62,422862,466640192.0,5.12,-1.19,-0.07,6.44
2015-06-03,600740,5.81,5.72,6.04,5.56,375971,415719856.0,8.29,-1.21,-0.07,5.72
2015-06-04,600740,5.62,5.94,5.94,5.29,392039,422492832.0,11.36,3.85,0.22,5.97
2015-06-05,600740,6.12,5.98,6.2,5.78,502015,574223744.0,7.07,0.67,0.04,7.64
2015-06-08,600740,5.96,5.94,6.08,5.76,362255,409539952.0,5.35,-0.67,-0.04,5.52
2015-06-09,600740,5.83,6.05,6.23,5.78,487105,556123712.0,7.58,1.85,0.11,7.42
2015-06-10,600740,5.93,5.96,6.14,5.85,320716,366384560.0,4.79,-1.49,-0.09,4.88
2015-06-11,600740,5.93,5.98,6.05,5.83,301791,341146912.0,3.69,0.34,0.02,4.59
2015-06-12,600740,6.0,6.46,6.5,5.94,543543,641878464.0,9.36,8.03,0.48,8.28
2015-06-15,600740,6.35,6.3,6.58,6.22,430408,517862480.0,5.57,-2.48,-0.16,6.55
2015-06-16,600740,6.22,5.88,6.3,5.76,315075,363387168.0,8.57,-6.67,-0.42,4.8
2015-06-17,600740,5.8,5.96,6.02,5.57,290162,322619328.0,7.65,1.36,0.08,4.42
2015-06-18,600740,5.88,5.69,6.02,5.63,228802,256958486.0,6.54,-4.53,-0.27,3.48
2015-06-19,600740,5.42,5.05,5.61,5.05,278412,285300704.0,9.84,-11.25,-0.64,4.24
2015-06-23,600740,5.03,5.29,5.31,4.88,312146,309308864.0,8.51,4.75,0.24,4.75
2015-06-24,600740,5.32,5.5,5.57,5.22,381724,398219776.0,6.62,3.97,0.21,5.81
2015-06-25,600740,5.44,5.17,5.51,5.11,267308,276117888.0,7.27,-6.0,-0.33,4.07
2015-06-26,600740,5.02,4.57,5.02,4.57,319531,297799264.0,8.7,-11.61,-0.6,4.86
2015-06-29,600740,4.76,4.33,4.78,4.04,377169,326397712.0,16.19,-5.25,-0.24,5.74
2015-06-30,600740,4.26,4.65,4.69,3.84,293314,250245684.0,19.63,7.39,0.32,4.47
2015-07-01,600740,4.54,4.11,4.76,4.11,277684,248722123.0,13.98,-11.61,-0.54,4.23
2015-07-02,600740,4.23,3.63,4.24,3.63,326067,254370142.0,14.84,-11.68,-0.48,4.96
2015-07-03,600740,3.43,3.19,3.72,3.19,321464,221725953.0,14.6,-12.12,-0.44,4.89
2015-07-06,600740,3.54,2.95,3.54,2.8,380803,249698848.0,23.2,-7.52,-0.24,5.8
2015-07-07,600740,2.78,2.58,2.86,2.58,240671,138582147.0,9.49,-12.54,-0.37,3.66
2015-07-08,600740,2.25,2.25,2.28,2.25,234785,119088308.0,1.16,-12.79,-0.33,3.57
2015-07-09,600740,1.99,2.55,2.55,1.99,450902,235919657.0,24.89,13.33,0.3,6.86
2015-07-10,600740,2.56,2.88,2.88,2.56,393972,237446276.0,12.55,12.94,0.33,6.0
2015-07-13,600740,3.02,3.24,3.24,2.92,527101,344475584.0,11.11,12.5,0.36,8.02
2015-07-14,600740,3.18,3.17,3.44,3.07,589604,399203664.0,11.42,-2.16,-0.07,8.98
2015-07-15,600740,3.04,2.78,3.14,2.78,358851,221595980.0,11.36,-12.3,-0.39,5.46
2015-07-16,600740,2.56,2.82,2.97,2.53,329572,195959695.0,15.83,1.44,0.04,5.02
2015-07-17,600740,2.83,3.05,3.12,2.81,299311,188175985.0,10.99,8.16,0.23,4.56
2015-07-20,600740,3.04,3.09,3.17,2.99,338645,219285768.0,5.9,1.31,0.04,5.16
2015-07-21,600740,3.01,3.15,3.2,2.98,273403,178874276.0,7.12,1.94,0.06,4.16
2015-07-22,600740,3.15,3.18,3.22,3.01,348757,229362239.0,6.67,0.95,0.03,5.31
2015-07-23,600740,3.18,3.37,3.38,3.15,378944,257646068.0,7.23,5.97,0.19,5.77
2015-07-24,600740,3.34,3.32,3.57,3.29,480617,339160768.0,8.31,-1.48,-0.05,7.32
2015-07-27,600740,3.23,2.91,3.31,2.91,283420,186343043.0,12.05,-12.35,-0.41,4.31
2015-07-28,600740,2.67,2.73,2.94,2.54,319476,187244299.0,13.75,-6.19,-0.18,4.86
2015-07-29,600740,2.8,2.98,2.99,2.65,237295,142439468.0,12.45,9.16,0.25,3.61
2015-07-30,600740,2.94,2.88,3.04,2.84,211010,132453122.0,6.71,-3.36,-0.1,3.21
2015-07-31,600740,2.82,2.84,2.91,2.74,146527,88527632.0,5.9,-1.39,-0.04,2.23
2015-08-03,600740,2.82,2.82,2.83,2.55,186635,109310917.0,9.86,-0.7,-0.02,2.84
2015-08-04,600740,2.8,3.02,3.04,2.77,238440,147337000.0,9.57,7.09,0.2,3.63
2015-08-05,600740,3.02,2.96,3.07,2.9,219898,139016897.0,5.63,-1.99,-0.06,3.35
2015-08-06,600740,2.89,2.96,3.07,2.83,157685,98654845.0,8.11,0.0,0.0,2.4
2015-08-07,600740,2.96,3.08,3.09,2.96,197894,126928318.0,4.39,4.05,0.12,3.01
2015-08-10,600740,3.17,3.27,3.28,3.09,295822,197241108.0,6.17,6.17,0.19,4.5
2015-08-11,600740,3.24,3.29,3.37,3.22,275082,187834314.0,4.59,0.61,0.02,4.19
2015-08-12,600740,3.21,3.28,3.36,3.2,237281,161829826.0,4.86,-0.3,-0.01,3.61
2015-08-13,600740,3.24,3.47,3.56,3.21,335478,233956122.0,10.67,5.79,0.19,5.11
2015-08-14,600740,3.7,3.89,3.89,3.66,513517,395845360.0,6.63,12.1,0.42,7.82
2015-08-17,600740,3.92,4.36,4.36,3.81,807945,664293408.0,14.14,12.08,0.47,12.3
2015-08-18,600740,4.51,3.85,4.51,3.85,647345,539320400.0,15.14,-11.7,-0.51,9.86
2015-08-19,600740,3.57,4.31,4.31,3.39,653285,496833424.0,23.9,11.95,0.46,9.95
2015-08-20,600740,4.1,4.04,4.57,4.02,718076,616390144.0,12.76,-6.26,-0.27,10.93
2015-08-21,600740,3.83,3.56,3.97,3.56,410793,310854640.0,10.15,-11.88,-0.48,6.25
2015-08-24,600740,3.27,3.13,3.39,3.13,207072,137340178.0,7.3,-12.08,-0.43,3.15
2015-08-25,600740,2.74,2.74,2.89,2.74,225294,133206089.0,4.79,-12.46,-0.39,3.43
2015-08-26,600740,2.73,2.39,2.87,2.39,389391,220433954.0,17.52,-12.77,-0.35,5.93
2015-08-27,600740,2.53,2.52,2.59,2.18,304401,163948530.0,17.15,5.44,0.13,4.63
2015-08-28,600740,2.62,2.85,2.85,2.54,338329,195191174.0,12.3,13.1,0.33,5.15
2015-08-31,600740,2.85,2.8,3.04,2.78,342669,211664231.0,9.12,-1.75,-0.05,5.22
2015-09-01,600740,2.8,2.45,2.8,2.45,266417,148627316.0,12.5,-12.5,-0.35,4.06
2015-09-02,600740,2.27,2.3,2.59,2.2,197357,103560314.0,15.92,-6.12,-0.15,3.0
2015-09-07,600740,2.38,2.41,2.53,2.33,198637,107144780.0,8.7,4.78,0.11,3.02
2015-09-08,600740,2.41,2.59,2.62,2.33,166974,91211750.0,12.03,7.47,0.18,2.54
2015-09-09,600740,2.6,2.72,2.75,2.57,255288,148351479.0,6.95,5.02,0.13,3.89
2015-09-10,600740,2.65,2.59,2.73,2.57,173780,99744028.0,5.88,-4.78,-0.13,2.65
2015-09-11,600740,2.59,2.59,2.65,2.51,133178,75085727.0,5.41,0.0,0.0,2.03
2015-09-14,600740,2.64,2.28,2.67,2.25,200036,108074218.0,16.22,-11.97,-0.31,3.05
2015-09-15,600740,2.22,2.2,2.43,2.2,203129,104159262.0,10.09,-3.51,-0.08,3.09
2015-09-16,600740,2.24,2.5,2.5,2.21,169786,89040610.0,13.18,13.64,0.3,2.58
2015-09-17,600740,2.49,2.37,2.58,2.36,228250,124932965.0,8.8,-5.2,-0.13,3.48
2015-09-18,600740,2.38,2.4,2.43,2.33,103110,54671764.0,4.22,1.27,0.03,1.57
2015-09-21,600740,2.38,2.56,2.56,2.33,152884,83538307.0,9.58,6.67,0.16,2.33
2015-09-22,600740,2.54,2.59,2.67,2.5,204474,115312932.0,6.64,1.17,0.03,3.11
2015-09-23,600740,2.51,2.44,2.55,2.38,164380,89540838.0,6.56,-5.79,-0.15,2.5
2015-09-24,600740,2.45,2.55,2.59,2.45,133377,73544737.0,5.74,4.51,0.11,2.03
2015-09-25,600740,2.5,2.43,2.55,2.4,136930,74744212.0,5.88,-4.71,-0.12,2.08
2015-09-28,600740,2.47,2.53,2.55,2.41,104396,57394803.0,5.76,4.12,0.1,1.59
2015-09-29,600740,2.45,2.4,2.47,2.37,106589,57007300.0,3.95,-5.14,-0.13,1.62
2015-09-30,600740,2.42,2.4,2.46,2.4,65649,35221395.0,2.5,0.0,0.0,1.0
2015-10-08,600740,2.53,2.52,2.55,2.47,127512,70296572.0,3.33,5.0,0.12,1.94
2015-10-09,600740,2.51,2.6,2.61,2.49,184069,102988205.0,4.76,3.17,0.08,2.8
2015-10-12,600740,2.62,2.94,2.94,2.57,420938,254600618.0,14.23,13.08,0.34,6.41
2015-10-13,600740,2.89,3.01,3.09,2.88,486107,307496560.0,7.14,2.38,0.07,7.4
2015-10-14,600740,2.95,2.91,3.13,2.89,386169,245277894.0,7.97,-3.32,-0.1,5.88
2015-10-15,600740,2.86,2.97,3.0,2.79,310608,191853306.0,7.22,2.06,0.06,4.73
2015-10-16,600740,2.99,2.98,3.0,2.89,251288,157443004.0,3.7,0.34,0.01,3.83
2015-10-19,600740,2.96,3.01,3.15,2.95,287334,183765656.0,6.71,1.01,0.03,4.37
2015-10-20,600740,3.01,3.05,3.07,2.98,224194,142943689.0,2.99,1.33,0.04,3.41
2015-10-21,600740,3.05,2.67,3.08,2.67,319710,195697678.0,13.44,-12.46,-0.38,4.87
2015-10-22,600740,2.67,2.76,2.8,2.62,188383,110310994.0,6.74,3.37,0.09,2.87
2015-10-23,600740,3.01,3.01,3.07,2.95,455697,288538576.0,4.35,9.06,0.25,6.94
2015-10-26,600740,3.01,2.94,3.01,2.87,262190,163315045.0,4.65,-2.33,-0.07,3.99
2015-10-27,600740,2.89,2.88,2.91,2.69,209103,126024410.0,7.48,-2.04,-0.06,3.18
2015-10-28,600740,2.83,2.91,2.98,2.81,218743,134662892.0,5.9,1.04,0.03,3.33
2015-10-29,600740,2.89,2.91,2.96,2.86,153041,94623208.0,3.44,0.0,0.0,2.33
2015-10-30,600740,2.89,2.82,2.9,2.79,140108,85237469.0,3.78,-3.09,-0.09,2.13
2015-11-02,600740,2.78,2.93,3.04,2.72,311726,193314351.0,11.35,3.9,0.11,4.75
2015-11-03,600740,2.96,3.04,3.13,2.93,431164,274758800.0,6.83,3.75,0.11,6.56
2015-11-04,600740,3.01,3.17,3.18,2.99,478641,309996352.0,6.25,4.28,0.13,7.29
2015-11-05,600740,3.12,3.11,3.27,3.08,470490,310708288.0,5.99,-1.89,-0.06,7.16
2015-11-06,600740,3.08,3.15,3.17,3.05,311306,203978899.0,3.86,1.29,0.04,4.74
2015-11-09,600740,3.11,3.12,3.21,3.04,348084,228441297.0,5.4,-0.95,-0.03,5.3
2015-11-10,600740,3.1,3.32,3.36,3.07,409817,272873360.0,9.29,6.41,0.2,6.24
2015-11-11,600740,3.25,3.21,3.27,3.17,310111,207998731.0,3.01,-3.31,-0.11,4.72
2015-11-12,600740,3.21,3.17,3.23,3.1,233824,154785908.0,4.05,-1.25,-0.04,3.56
2015-11-13,600740,3.12,3.03,3.15,3.01,181516,117200792.0,4.42,-4.42,-0.14,2.76
2015-11-16,600740,2.96,3.08,3.08,2.94,150441,96171932.0,4.62,1.65,0.05,2.29
2015-11-17,600740,3.09,3.07,3.18,3.04,213095,139144935.0,4.55,-0.32,-0.01,3.24
2015-11-18,600740,3.08,3.02,3.12,3.01,139837,90132066.0,3.58,-1.63,-0.05,2.13
2015-11-19,600740,3.04,3.09,3.1,3.03,132151,85329713.0,2.32,2.32,0.07,2.01
2015-11-20,600740,3.09,3.11,3.12,3.07,153456,99877837.0,1.62,0.65,0.02,2.34
2015-11-23,600740,3.11,3.07,3.19,3.07,173647,113894180.0,3.86,-1.29,-0.04,2.64
2015-11-24,600740,3.07,3.06,3.09,2.99,124965,79882900.0,3.26,-0.33,-0.01,1.9
2015-11-25,600740,3.05,3.14,3.14,3.03,141947,92153724.0,3.59,2.61,0.08,2.16
2015-11-26,600740,3.14,3.15,3.24,3.11,243027,161441557.0,4.14,0.32,0.01,3.7
2015-11-27,600740,3.19,2.84,3.26,2.76,240590,154800520.0,15.87,-9.84,-0.31,3.66
2015-11-30,600740,2.79,2.79,2.88,2.62,145603,86743039.0,9.15,-1.76,-0.05,2.22
2015-12-01,600740,2.79,2.85,2.86,2.76,105589,63771032.0,3.58,2.15,0.06,1.61
2015-12-02,600740,2.83,2.91,2.92,2.79,117708,71763395.0,4.56,2.11,0.06,1.79
2015-12-03,600740,2.91,2.95,2.96,2.88,107752,66953069.0,2.75,1.37,0.04,1.64
2015-12-04,600740,2.95,2.93,2.97,2.89,101033,62986703.0,2.71,-0.68,-0.02,1.54
2015-12-07,600740,2.88,2.94,2.96,2.86,122430,75766161.0,3.41,0.34,0.01,1.86
2015-12-08,600740,2.89,2.76,2.91,2.73,157301,94075918.0,6.12,-6.12,-0.18,2.39
2015-12-09,600740,2.73,2.73,2.77,2.7,77910,45930237.0,2.54,-1.09,-0.03,1.19
2015-12-10,600740,2.72,2.66,2.76,2.66,81385,47645727.0,3.66,-2.56,-0.07,1.24
2015-12-11,600740,2.67,2.65,2.68,2.57,70865,40445854.0,4.14,-0.38,-0.01,1.08
2015-12-14,600740,2.59,2.78,2.79,2.59,117626,68788282.0,7.55,4.91,0.13,1.79
2015-12-15,600740,2.75,2.76,2.79,2.72,82379,48877659.0,2.52,-0.72,-0.02,1.25
2015-12-16,600740,2.78,2.76,2.82,2.76,81900,48990207.0,2.17,0.0,0.0,1.25
2015-12-17,600740,2.79,2.85,2.85,2.78,95841,57934019.0,2.54,3.26,0.09,1.46
2015-12-18,600740,2.86,3.01,3.09,2.85,273350,171485975.0,8.42,5.61,0.16,4.16
2015-12-21,600740,2.96,3.05,3.09,2.95,190570,122508495.0,4.65,1.33,0.04,2.9
2015-12-22,600740,3.03,3.06,3.17,2.99,160178,103540877.0,5.9,0.33,0.01,2.44
2015-12-23,600740,3.06,2.97,3.06,2.95,163046,103378452.0,3.59,-2.94,-0.09,2.48
2015-12-24,600740,3.01,3.03,3.09,2.96,143332,91482707.0,4.38,2.02,0.06,2.18
2015-12-25,600740,3.02,3.11,3.21,3.0,203603,132878667.0,6.93,2.64,0.08,3.1
2015-12-28,600740,3.15,2.99,3.17,2.98,173177,112121529.0,6.11,-3.86,-0.12,2.64
2015-12-29,600740,3.01,3.09,3.11,2.95,115584,73847827.0,5.35,3.34,0.1,1.76
2016-04-27,600740,3.47,3.47,3.47,3.45,134223,95832666.0,0.65,12.3,0.38,2.04
2016-04-28,600740,3.44,3.18,3.44,3.1,550523,371381568.0,9.8,-8.36,-0.29,8.38
2016-04-29,600740,3.18,3.1,3.18,2.98,382800,247648653.0,6.29,-2.52,-0.08,5.83
2016-05-03,600740,3.05,3.1,3.12,3.0,278626,180036764.0,3.87,0.0,0.0,4.24
2016-05-04,600740,3.06,3.02,3.11,3.01,207253,133238051.0,3.23,-2.58,-0.08,3.16
2016-05-05,600740,3.04,3.03,3.07,2.95,194776,123674219.0,3.97,0.33,0.01,2.97
2016-05-06,600740,3.01,2.72,3.03,2.66,261050,159284334.0,12.21,-10.23,-0.31,3.97
2016-05-09,600740,2.7,2.49,2.72,2.46,167988,94019391.0,9.56,-8.46,-0.23,2.56
2016-05-10,600740,2.48,2.43,2.51,2.4,131727,71189645.0,4.42,-2.41,-0.06,2.01
2016-05-11,600740,2.47,2.43,2.49,2.38,101883,55058624.0,4.53,0.0,0.0,1.55
2016-05-12,600740,2.37,2.37,2.38,2.25,141930,73730082.0,5.35,-2.47,-0.06,2.16
2016-05-13,600740,2.33,2.32,2.37,2.29,105564,55068712.0,3.38,-2.11,-0.05,1.61
2016-05-16,600740,2.3,2.39,2.41,2.25,114244,60006428.0,6.9,3.02,0.07,1.74
2016-05-17,600740,2.38,2.4,2.47,2.37,110443,59161040.0,4.18,0.42,0.01,1.68
2016-05-18,600740,2.33,2.24,2.37,2.18,111264,56860949.0,7.92,-6.67,-0.16,1.69
2016-05-19,600740,2.27,2.25,2.32,2.23,83109,42488636.0,4.02,0.45,0.01,1.27
2016-05-20,600740,2.22,2.27,2.27,2.19,63478,32039562.0,3.56,0.89,0.02,0.97
2016-05-23,600740,2.27,2.29,2.3,2.25,64660,33079576.0,2.2,0.88,0.02,0.98
2016-05-24,600740,2.3,2.28,2.3,2.21,86379,43828322.0,3.93,-0.44,-0.01,1.32
2016-05-25,600740,2.28,2.41,2.43,2.26,172255,89614461.0,7.46,5.7,0.13,2.62
2016-05-26,600740,2.47,2.38,2.47,2.31,155766,82618531.0,6.64,-1.24,-0.03,2.37
2016-05-27,600740,2.34,2.33,2.36,2.32,75562,39478640.0,1.68,-2.1,-0.05,1.15
2016-05-30,600740,2.31,2.31,2.33,2.26,66041,34083944.0,3.0,-0.86,-0.02,1.01
2016-05-31,600740,2.37,2.44,2.47,2.36,229304,122264026.0,4.76,5.63,0.13,3.49
2016-06-01,600740,2.41,2.43,2.49,2.4,161977,87393343.0,3.69,-0.41,-0.01,2.47
2016-06-02,600740,2.41,2.59,2.64,2.41,272437,152262900.0,9.47,6.58,0.16,4.15
2016-06-03,600740,2.56,2.52,2.57,2.5,127405,70685467.0,2.7,-2.7,-0.07,1.94
2016-06-06,600740,2.54,2.5,2.56,2.47,91452,50376649.0,3.57,-0.79,-0.02,1.39
2016-06-07,600740,2.5,2.47,2.53,2.45,84663,46273533.0,3.2,-1.2,-0.03,1.29
2016-06-08,600740,2.49,2.51,2.56,2.46,125083,69250417.0,4.05,1.62,0.04,1.9
2016-06-13,600740,2.44,2.29,2.46,2.27,112501,59696309.0,7.57,-8.76,-0.22,1.71
2016-06-14,600740,2.3,2.27,2.32,2.22,71454,36446766.0,4.37,-0.87,-0.02,1.09
2016-06-15,600740,2.22,2.35,2.38,2.22,89993,46803470.0,7.05,3.52,0.08,1.37
2016-06-16,600740,2.34,2.37,2.38,2.33,62243,32674039.0,2.13,0.85,0.02,0.95
2016-06-17,600740,2.37,2.46,2.56,2.36,115469,62611854.0,8.44,3.8,0.09,1.76
2016-06-20,600740,2.42,2.41,2.43,2.37,61403,32697808.0,2.44,-2.03,-0.05,0.93
2016-06-21,600740,2.42,2.37,2.48,2.34,69055,37061554.0,5.81,-1.66,-0.04,1.05
2016-06-22,600740,2.36,2.49,2.52,2.36,112446,61402854.0,6.75,5.06,0.12,1.71
2016-06-23,600740,2.47,2.44,2.5,2.42,69937,37890416.0,3.21,-2.01,-0.05,1.06
2016-06-24,600740,2.45,2.38,2.47,2.32,95044,50424724.0,6.15,-2.46,-0.06,1.45
2016-06-27,600740,2.34,2.48,2.51,2.33,84024,45767637.0,7.56,4.2,0.1,1.28
2016-06-28,600740,2.46,2.5,2.53,2.44,81145,44428844.0,3.63,0.81,0.02,1.24
2016-06-29,600740,2.53,2.48,2.54,2.46,66794,36622932.0,3.2,-0.8,-0.02,1.02
2016-06-30,600740,2.47,2.49,2.53,2.47,64296,35257138.0,2.42,0.4,0.01,0.98
2016-07-01,600740,2.49,2.49,2.53,2.46,56569,31014086.0,2.81,0.0,0.0,0.86
2016-07-04,600740,2.44,2.58,2.61,2.44,157934,88677520.0,6.83,3.61,0.09,2.4
2016-07-05,600740,2.58,2.67,2.79,2.55,183302,105414816.0,9.3,3.49,0.09,2.79
2016-07-06,600740,2.65,2.66,2.69,2.6,111751,64018344.0,3.37,-0.37,-0.01,1.7
2016-07-07,600740,2.66,2.85,2.89,2.62,265806,158793317.0,10.15,7.14,0.19,4.05
2016-07-08,600740,2.82,2.71,2.85,2.7,158555,93655354.0,5.26,-4.91,-0.14,2.41
2016-07-11,600740,2.73,2.73,2.83,2.69,167431,99571746.0,5.17,0.74,0.02,2.55
2016-07-12,600740,2.73,2.92,3.04,2.73,302041,186331683.0,11.36,6.96,0.19,4.6
2016-07-13,600740,2.91,2.88,2.92,2.83,143639,87877329.0,3.08,-1.37,-0.04,2.19
2016-07-14,600740,2.85,2.81,2.88,2.76,110970,66794827.0,4.17,-2.43,-0.07,1.69
2016-07-15,600740,2.82,2.83,2.88,2.79,104915,63515354.0,3.2,0.71,0.02,1.6
2016-07-18,600740,2.8,2.73,2.81,2.7,95815,56626019.0,3.89,-3.53,-0.1,1.46
2016-07-19,600740,2.73,2.76,2.78,2.72,49351,29195554.0,2.2,1.1,0.03,0.75
2016-07-20,600740,2.76,2.8,2.87,2.74,94996,56889976.0,4.71,1.45,0.04,1.45
2016-07-21,600740,2.76,2.82,2.84,2.75,91065,54724437.0,3.21,0.71,0.02,1.39
2016-07-22,600740,2.8,2.69,2.82,2.67,108229,63771212.0,5.32,-4.61,-0.13,1.65
2016-07-25,600740,2.69,2.72,2.76,2.69,63342,37138492.0,2.6,1.12,0.03,0.96
2016-07-26,600740,2.73,2.77,2.78,2.7,80120,47356670.0,2.94,1.84,0.05,1.22
2016-07-27,600740,2.8,2.56,2.82,2.46,141652,81533982.0,13.0,-7.58,-0.21,2.16
2016-07-28,600740,2.56,2.59,2.65,2.55,101762,57429824.0,3.91,1.17,0.03,1.55
2016-07-29,600740,2.59,2.53,2.62,2.51,53279,29789370.0,4.25,-2.32,-0.06,0.81
2016-08-01,600740,2.54,2.53,2.54,2.47,57276,31396603.0,2.77,0.0,0.0,0.87
2016-08-02,600740,2.53,2.59,2.59,2.5,58829,32727473.0,3.56,2.37,0.06,0.9
2016-08-03,600740,2.58,2.59,2.6,2.56,46939,26413993.0,1.54,0.0,0.0,0.71
2016-08-04,600740,2.59,2.59,2.6,2.54,50184,28265459.0,2.32,0.0,0.0,0.76
2016-08-05,600740,2.6,2.7,2.76,2.57,154564,89606213.0,7.34,4.25,0.11,2.35
2016-08-08,600740,2.8,3.05,3.05,2.8,443755,282304816.0,9.26,12.96,0.35,6.76
2016-08-09,600740,3.25,3.31,3.39,3.16,852967,578765728.0,7.54,8.52,0.26,12.99
2016-08-10,600740,3.36,3.67,3.72,3.33,1416710,1033310448.0,11.78,10.88,0.36,21.57
2016-08-11,600740,3.5,3.47,3.53,3.42,881084,629270784.0,3.0,-5.45,-0.2,13.41
2016-08-12,600740,3.49,3.49,3.57,3.4,795907,567726016.0,4.9,0.58,0.02,12.12
2016-08-15,600740,3.46,3.52,3.66,3.38,901354,647634384.0,8.02,0.86,0.03,13.72
2016-08-16,600740,3.47,3.95,3.95,3.44,1397773,1057022736.0,14.49,12.22,0.43,21.28
2016-08-17,600740,3.85,3.71,3.86,3.67,840094,640508976.0,4.81,-6.08,-0.24,12.79
2016-08-18,600740,3.69,3.7,3.88,3.58,736286,560712368.0,8.09,-0.27,-0.01,11.21
2016-08-19,600740,3.65,3.66,3.72,3.54,406723,301486704.0,4.86,-1.08,-0.04,6.19
2016-08-22,600740,3.7,3.68,3.86,3.66,559204,426910624.0,5.46,0.55,0.02,8.51
2016-08-23,600740,3.62,3.5,3.65,3.4,434911,311543360.0,6.79,-4.89,-0.18,6.62
2016-08-24,600740,3.52,3.48,3.54,3.41,314334,223980187.0,3.71,-0.57,-0.02,4.79
2016-08-25,600740,3.44,3.56,3.67,3.42,579771,420672608.0,7.18,2.3,0.08,8.83
2016-08-26,600740,3.49,3.45,3.54,3.43,357074,254634981.0,3.09,-3.09,-0.11,5.44
2016-08-29,600740,3.46,3.5,3.53,3.39,256805,183109558.0,4.06,1.45,0.05,3.91
2016-08-30,600740,3.53,3.49,3.59,3.46,242301,174931072.0,3.71,-0.29,-0.01,3.69
2016-08-31,600740,3.5,3.51,3.61,3.48,320446,232570127.0,3.72,0.57,0.02,4.88
2016-09-01,600740,3.45,3.25,3.46,3.25,465826,321590080.0,5.98,-7.41,-0.26,7.09
2016-09-02,600740,3.27,3.37,3.5,3.27,461543,322815696.0,7.08,3.69,0.12,7.03
2016-09-05,600740,3.46,3.66,3.79,3.43,879767,656776800.0,10.68,8.61,0.29,13.39
2016-09-06,600740,3.6,3.71,3.72,3.53,549301,405834656.0,5.19,1.37,0.05,8.36
2016-09-07,600740,3.6,3.54,3.64,3.51,517962,378363424.0,3.5,-4.58,-0.17,7.89
2016-09-08,600740,3.47,3.73,3.77,3.44,688443,507134496.0,9.32,5.37,0.19,10.48
2016-09-09,600740,3.67,3.61,3.73,3.57,380298,282109488.0,4.29,-3.22,-0.12,5.79
2016-09-12,600740,3.5,3.41,3.58,3.4,291602,208438922.0,4.99,-5.54,-0.2,4.44
2016-09-13,600740,3.46,3.47,3.5,3.37,205919,145636727.0,3.81,1.76,0.06,3.14
2016-09-14,600740,3.4,3.36,3.43,3.33,179047,124808701.0,2.88,-3.17,-0.11,2.73
2016-09-19,600740,3.41,3.44,3.47,3.38,157939,111471340.0,2.68,2.38,0.08,2.4
2016-09-20,600740,3.45,3.7,3.85,3.43,715862,534412960.0,12.21,7.56,0.26,10.9
2016-09-21,600740,3.66,3.78,3.84,3.57,517988,391253824.0,7.3,2.16,0.08,7.89
2016-09-22,600740,3.85,3.7,4.03,3.69,742692,576677712.0,8.99,-2.12,-0.08,11.31
2016-09-23,600740,3.69,4.05,4.08,3.69,867186,684560800.0,10.54,9.46,0.35,13.2
2016-09-26,600740,3.98,4.06,4.22,3.91,831319,673674128.0,7.65,0.25,0.01,12.66
2016-09-27,600740,3.97,4.01,4.04,3.82,441744,348795184.0,5.42,-1.23,-0.05,6.73
2016-09-28,600740,3.95,4.05,4.15,3.92,394037,320493408.0,5.74,1.0,0.04,6.0
2016-09-29,600740,4.28,4.11,4.49,4.05,572704,478239440.0,10.86,1.48,0.06,8.72
2016-09-30,600740,3.98,4.03,4.07,3.95,453880,364116528.0,2.92,-1.95,-0.08,6.91
2016-10-10,600740,4.08,4.05,4.09,3.95,414331,333100656.0,3.47,0.5,0.02,6.31
2016-10-11,600740,4.05,4.27,4.27,3.97,661594,545220432.0,7.41,5.43,0.22,10.07
2016-10-12,600740,4.2,4.25,4.33,4.11,471597,396037600.0,5.15,-0.47,-0.02,7.18
2016-10-13,600740,4.34,4.21,4.49,4.17,581091,499216720.0,7.53,-0.94,-0.04,8.85
2016-10-14,600740,4.18,4.31,4.33,4.06,433549,360367536.0,6.41,2.38,0.1,6.6
2016-10-17,600740,4.43,4.31,4.47,4.27,513732,443318416.0,4.64,0.0,0.0,7.82
2016-10-18,600740,4.25,4.34,4.36,4.15,413033,349603104.0,4.87,0.7,0.03,6.29
2016-10-19,600740,4.57,4.43,4.74,4.41,789935,708222752.0,7.6,2.07,0.09,12.03
2016-10-20,600740,4.46,4.59,4.6,4.3,528809,464827584.0,6.77,3.61,0.16,8.05
2016-10-27,600740,4.81,4.69,5.1,4.63,819228,771984256.0,10.24,2.18,0.1,12.47
2016-10-28,600740,4.59,4.92,5.05,4.54,802931,752042672.0,10.87,4.9,0.23,12.22
2016-10-31,600740,4.81,5.08,5.15,4.79,706112,683880688.0,7.32,3.25,0.16,10.75
2016-11-01,600740,5.0,5.02,5.15,4.94,611316,597700192.0,4.13,-1.18,-0.06,9.31
2016-11-02,600740,5.05,4.82,5.14,4.76,637850,613453776.0,7.57,-3.98,-0.2,9.71
2016-11-03,600740,4.78,4.91,4.92,4.62,603440,561593424.0,6.22,1.87,0.09,9.19
2016-11-04,600740,4.94,4.92,5.2,4.8,888281,866061616.0,8.15,0.2,0.01,13.52
2016-11-07,600740,4.98,5.0,5.19,4.89,792276,775883280.0,6.1,1.63,0.08,12.06
2016-11-08,600740,4.94,4.76,4.97,4.73,658317,622428896.0,4.8,-4.8,-0.24,10.02
2016-11-09,600740,4.82,4.85,4.96,4.67,581275,546822544.0,6.09,1.89,0.09,8.85
2016-11-10,600740,4.81,4.81,4.88,4.78,386221,363875632.0,2.06,-0.82,-0.04,5.88
2016-11-11,600740,4.8,4.85,4.94,4.69,608212,573840624.0,5.2,0.83,0.04,9.26
2016-11-14,600740,4.78,4.91,5.07,4.73,747620,717560480.0,7.01,1.24,0.06,11.38
2016-11-15,600740,4.93,4.74,4.94,4.7,536900,502927664.0,4.89,-3.46,-0.17,8.17
2016-11-16,600740,4.7,4.66,4.72,4.54,410409,372182544.0,3.8,-1.69,-0.08,6.25
2016-11-17,600740,4.6,4.62,4.68,4.55,210137,190256456.0,2.79,-0.86,-0.04,3.2
2016-11-18,600740,4.58,4.4,4.6,4.35,329265,290140880.0,5.41,-4.76,-0.22,5.01
2016-11-21,600740,4.38,4.4,4.48,4.34,244898,213195987.0,3.18,0.0,0.0,3.73
2016-11-22,600740,4.47,4.57,4.61,4.43,419272,374406928.0,4.09,3.86,0.17,6.38
2016-11-23,600740,4.57,4.47,4.57,4.44,246731,218796703.0,2.84,-2.19,-0.1,3.76
2016-11-24,600740,4.59,4.45,4.64,4.42,257675,230126205.0,4.92,-0.45,-0.02,3.92
2016-11-25,600740,4.49,4.43,4.5,4.22,257490,222238728.0,6.29,-0.45,-0.02,3.92
2016-11-28,600740,4.46,4.56,4.61,4.37,356272,317763744.0,5.42,2.93,0.13,5.42
2016-11-29,600740,4.49,4.35,4.49,4.33,261888,227852449.0,3.51,-4.61,-0.21,3.99
2016-11-30,600740,4.28,4.08,4.29,4.02,365610,302385728.0,6.21,-6.21,-0.27,5.57
2016-12-01,600740,4.11,4.08,4.12,4.04,154794,126475253.0,1.96,0.0,0.0,2.36
2016-12-02,600740,4.02,3.93,4.08,3.9,190753,152447090.0,4.41,-3.68,-0.15,2.9
2016-12-05,600740,3.81,3.96,3.99,3.81,149920,118598909.0,4.58,0.76,0.03,2.28
2016-12-06,600740,3.92,3.94,3.99,3.9,109266,86876672.0,2.27,-0.51,-0.02,1.66
2016-12-07,600740,4.15,4.41,4.41,4.09,522440,443550752.0,8.12,11.93,0.47,7.95
2016-12-08,600740,4.43,4.43,4.62,4.39,649676,576208768.0,5.22,0.45,0.02,9.89
2016-12-09,600740,4.37,4.39,4.41,4.19,402909,342768544.0,4.97,-0.9,-0.04,6.13
2016-12-12,600740,4.39,4.09,4.5,4.05,338760,292148288.0,10.25,-6.83,-0.3,5.16
2016-12-13,600740,4.02,4.14,4.16,3.9,250543,201808920.0,6.36,1.22,0.05,3.81
2016-12-14,600740,4.1,4.11,4.19,3.96,223959,182609222.0,5.56,-0.72,-0.03,3.41
2016-12-15,600740,4.09,4.16,4.24,4.05,223802,185170810.0,4.62,1.22,0.05,3.41
2016-12-16,600740,4.14,4.08,4.15,4.04,158297,129443086.0,2.64,-1.92,-0.08,2.41
2016-12-19,600740,4.05,4.38,4.41,4.01,403502,342505904.0,9.8,7.35,0.3,6.14
2016-12-20,600740,4.31,4.3,4.37,4.24,267562,228123592.0,2.97,-1.83,-0.08,4.07
2016-12-21,600740,4.3,4.4,4.43,4.26,247010,212836128.0,3.95,2.33,0.1,3.76
2016-12-22,600740,4.31,4.17,4.36,4.16,264786,223142572.0,4.55,-5.23,-0.23,4.03
2016-12-23,600740,4.25,4.19,4.43,4.17,346788,295915664.0,6.24,0.48,0.02,5.28
2016-12-26,600740,4.02,4.08,4.09,3.88,210754,168260297.0,5.01,-2.63,-0.11,3.21
2016-12-27,600740,4.03,4.02,4.07,3.99,126735,102342390.0,1.96,-1.47,-0.06,1.93
2016-12-28,600740,4.06,3.94,4.08,3.91,135564,108781382.0,4.23,-1.99,-0.08,2.06
2016-12-29,600740,3.92,3.95,4.02,3.9,110032,87627617.0,3.05,0.25,0.01,1.68
2016-12-30,600740,3.95,3.93,3.99,3.91,80645,64043380.0,2.03,-0.51,-0.02,1.23
2017-01-03,600740,3.93,3.99,3.99,3.93,96930,77344512.0,1.53,1.53,0.06,1.48
2017-01-04,600740,3.96,4.04,4.04,3.89,159670,127723119.0,3.76,1.25,0.05,2.43
2017-01-05,600740,4.07,4.14,4.22,4.07,247771,205615789.0,3.71,2.48,0.1,3.77
2017-01-06,600740,4.1,4.07,4.14,4.04,147739,120639254.0,2.42,-1.69,-0.07,2.25
2017-01-09,600740,4.05,4.08,4.11,4.04,103304,84124298.0,1.72,0.25,0.01,1.57
2017-01-10,600740,4.1,4.24,4.31,4.06,310751,259783857.0,6.13,3.92,0.16,4.73
2017-01-11,600740,4.21,4.1,4.3,4.09,185405,154692456.0,4.95,-3.3,-0.14,2.82
2017-01-12,600740,4.07,4.04,4.13,4.04,109944,89667529.0,2.2,-1.46,-0.06,1.67
2017-01-13,600740,4.02,3.96,4.1,3.96,90470,72920094.0,3.47,-1.98,-0.08,1.38
2017-01-16,600740,4.0,3.96,4.19,3.7,198922,159286994.0,12.37,0.0,0.0,3.03
2017-01-17,600740,3.89,3.86,3.91,3.65,190625,146601977.0,6.57,-2.53,-0.1,2.9
2017-01-18,600740,3.82,3.8,3.84,3.78,86583,66684974.0,1.55,-1.55,-0.06,1.32
2017-01-19,600740,3.77,3.73,3.78,3.7,81594,61766411.0,2.11,-1.84,-0.07,1.24
2017-01-20,600740,3.77,3.78,3.8,3.72,71006,54237074.0,2.14,1.34,0.05,1.08
2017-01-23,600740,3.75,3.85,3.94,3.75,109895,85488038.0,5.03,1.85,0.07,1.67
2017-01-24,600740,3.85,3.86,3.95,3.83,114336,89871182.0,3.12,0.26,0.01,1.74
2017-01-25,600740,3.83,3.83,3.85,3.79,62569,48380331.0,1.55,-0.78,-0.03,0.95
2017-01-26,600740,3.86,3.91,3.92,3.83,79808,62565445.0,2.35,2.09,0.08,1.22
2017-02-03,600740,3.92,3.86,3.93,3.83,68668,53600291.0,2.56,-1.28,-0.05,1.05
2017-02-06,600740,3.86,3.92,3.95,3.82,105351,82925613.0,3.37,1.55,0.06,1.6
2017-02-07,600740,3.92,3.92,3.94,3.88,47671,37531828.0,1.53,0.0,0.0,0.73
2017-02-08,600740,3.94,3.97,3.97,3.87,93595,74118653.0,2.55,1.28,0.05,1.42
2017-02-09,600740,3.96,3.99,4.07,3.93,116687,93706873.0,3.53,0.5,0.02,1.78
2017-02-10,600740,4.05,4.15,4.24,4.04,274165,227217962.0,5.01,4.01,0.16,4.17
2017-02-13,600740,4.14,4.22,4.37,4.11,265845,224680127.0,6.27,1.69,0.07,4.05
2017-02-14,600740,4.22,4.23,4.25,4.14,167903,140483755.0,2.61,0.24,0.01,2.56
2017-02-15,600740,4.16,4.09,4.2,4.08,181020,149428865.0,2.84,-3.31,-0.14,2.76
2017-02-16,600740,4.09,4.36,4.49,4.07,454677,389980480.0,10.27,6.6,0.27,6.92
2017-02-17,600740,4.3,4.23,4.31,4.15,261580,219574101.0,3.67,-2.98,-0.13,3.98
2017-02-20,600740,4.2,4.29,4.31,4.17,180735,152357739.0,3.31,1.42,0.06,2.75
2017-02-21,600740,4.35,4.27,4.36,4.18,233319,197858781.0,4.2,-0.47,-0.02,3.55
2017-02-22,600740,4.23,4.22,4.24,4.17,178242,149247179.0,1.64,-1.17,-0.05,2.71
2017-02-23,600740,4.21,4.15,4.22,4.11,163107,135362076.0,2.61,-1.66,-0.07,2.48
2017-02-24,600740,4.12,4.15,4.15,4.08,128171,105354809.0,1.69,0.0,0.0,1.95
2017-02-27,600740,4.17,4.12,4.19,4.09,112041,92613688.0,2.41,-0.72,-0.03,1.71
2017-02-28,600740,4.12,4.14,4.17,4.1,116477,96183280.0,1.7,0.49,0.02,1.77
2017-03-01,600740,4.15,4.24,4.31,4.13,252914,212470477.0,4.35,2.42,0.1,3.85
2017-03-02,600740,4.22,4.2,4.25,4.17,144578,121025700.0,1.89,-0.94,-0.04,2.2
2017-03-03,600740,4.12,4.02,4.12,3.99,201388,163203205.0,3.1,-4.29,-0.18,3.07
2017-03-06,600740,4.02,4.05,4.11,4.02,135623,110139692.0,2.24,0.75,0.03,2.06
2017-03-07,600740,4.05,3.98,4.06,3.95,137996,110433471.0,2.72,-1.73,-0.07,2.1
2017-03-08,600740,3.98,3.95,3.98,3.92,71134,56440019.0,1.51,-0.75,-0.03,1.08
2017-03-09,600740,3.91,3.92,3.95,3.88,73742,58132349.0,1.77,-0.76,-0.03,1.12
2017-03-10,600740,3.94,3.94,3.99,3.92,72679,57756673.0,1.79,0.51,0.02,1.11
2017-03-13,600740,3.94,3.99,4.03,3.83,126074,100328652.0,5.08,1.27,0.05,1.92
2017-03-14,600740,3.97,3.93,4.02,3.92,88045,70187127.0,2.51,-1.5,-0.06,1.34
2017-03-15,600740,3.94,3.94,3.99,3.91,70856,56371945.0,2.04,0.25,0.01,1.08
2017-03-16,600740,3.97,3.99,4.01,3.95,78425,62757615.0,1.52,1.27,0.05,1.19
2017-03-17,600740,3.99,3.91,4.0,3.89,90443,71775478.0,2.76,-2.01,-0.08,1.38
2017-03-20,600740,4.01,3.98,4.04,3.94,84033,67144627.0,2.56,1.79,0.07,1.28
2017-03-21,600740,3.96,3.92,3.96,3.89,86961,68467551.0,1.76,-1.51,-0.06,1.32
2017-03-22,600740,3.88,3.82,3.9,3.78,110047,85122168.0,3.06,-2.55,-0.1,1.68
2017-03-23,600740,3.82,3.83,3.88,3.78,83023,64322562.0,2.62,0.26,0.01,1.26
2017-03-24,600740,3.85,3.82,3.85,3.77,77107,59302701.0,2.09,-0.26,-0.01,1.17
2017-03-27,600740,3.84,3.79,3.84,3.78,64081,49397779.0,1.57,-0.79,-0.03,0.98
2017-03-28,600740,3.78,3.8,3.82,3.78,48188,37002730.0,1.06,0.26,0.01,0.73
2017-03-29,600740,3.82,3.84,3.86,3.79,88883,68831166.0,1.84,1.05,0.04,1.35
2017-03-30,600740,3.83,3.69,3.88,3.67,99261,76242482.0,5.47,-3.91,-0.15,1.51
2017-03-31,600740,3.69,3.75,3.78,3.68,76261,57639381.0,2.71,1.63,0.06,1.16
2017-04-05,600740,3.82,3.91,3.95,3.82,155034,121666550.0,3.47,4.27,0.16,2.36
2017-04-06,600740,3.95,3.9,3.95,3.85,111469,87278637.0,2.56,-0.26,-0.01,1.7
2017-04-07,600740,3.85,3.81,3.89,3.81,93344,72506568.0,2.05,-2.31,-0.09,1.42
2017-04-10,600740,3.88,3.8,3.88,3.79,88523,68581217.0,2.36,-0.26,-0.01,1.35
2017-04-11,600740,3.79,3.74,3.8,3.63,144399,109002721.0,4.47,-1.58,-0.06,2.2
2017-04-12,600740,3.72,3.66,3.72,3.63,98671,73794948.0,2.41,-2.14,-0.08,1.5
2017-04-13,600740,3.57,3.67,3.7,3.57,84223,62692766.0,3.55,0.27,0.01,1.28
2017-04-14,600740,3.66,3.7,3.85,3.6,154200,116438511.0,6.81,0.82,0.03,2.35
2017-04-17,600740,3.72,3.64,3.72,3.62,68582,51076944.0,2.7,-1.62,-0.06,1.04
2017-04-18,600740,3.66,3.58,3.66,3.57,60531,44546374.0,2.47,-1.65,-0.06,0.92
2017-04-19,600740,3.56,3.42,3.56,3.38,107267,75848182.0,5.03,-4.47,-0.16,1.63
2017-04-20,600740,3.44,3.3,3.47,3.24,90102,62372338.0,6.73,-3.51,-0.12,1.37
2017-04-21,600740,3.37,3.33,3.43,3.31,64665,44922065.0,3.64,0.91,0.03,0.98
2017-04-24,600740,3.3,3.16,3.3,3.15,63872,42658720.0,4.5,-5.11,-0.17,0.97
2017-04-25,600740,3.15,3.19,3.21,3.15,45381,30227847.0,1.9,0.95,0.03,0.69
2017-04-26,600740,3.18,3.18,3.21,3.16,41259,27410726.0,1.57,-0.31,-0.01,0.63
2017-04-27,600740,3.15,3.12,3.15,2.97,85284,54895437.0,5.66,-1.89,-0.06,1.3
2017-04-28,600740,3.12,3.17,3.17,3.09,47353,31224191.0,2.56,1.6,0.05,0.72
2017-05-02,600740,3.19,3.25,3.31,3.17,82277,55479647.0,4.42,2.52,0.08,1.25
2017-05-03,600740,3.21,3.21,3.26,3.2,44806,30098881.0,1.85,-1.23,-0.04,0.68
2017-05-04,600740,3.2,3.12,3.21,3.12,48473,32045264.0,2.8,-2.8,-0.09,0.74
2017-05-05,600740,3.07,2.99,3.08,2.98,60726,38775670.0,3.21,-4.17,-0.13,0.92
2017-05-08,600740,3.0,2.9,3.03,2.89,48541,30553670.0,4.68,-3.01,-0.09,0.74
2017-05-09,600740,2.91,2.95,2.96,2.88,47651,29610563.0,2.76,1.72,0.05,0.73
2017-05-10,600740,2.95,2.83,3.01,2.83,58474,36219919.0,6.1,-4.07,-0.12,0.89
2017-05-11,600740,2.85,2.77,2.88,2.65,89752,53084651.0,8.13,-2.12,-0.06,1.37
2017-05-12,600740,2.79,2.77,2.79,2.71,60462,35867049.0,2.89,0.0,0.0,0.92
2017-05-15,600740,2.79,2.78,2.82,2.78,37497,22455547.0,1.44,0.36,0.01,0.57
2017-05-16,600740,2.78,2.85,2.86,2.73,52694,31584753.0,4.68,2.52,0.07,0.8
2017-05-17,600740,2.87,2.89,2.98,2.86,69423,43104140.0,4.21,1.4,0.04,1.06
2017-05-18,600740,2.83,2.85,2.91,2.81,44304,27064200.0,3.46,-1.38,-0.04,0.67
2017-05-19,600740,2.85,2.87,2.9,2.83,42337,25858982.0,2.46,0.7,0.02,0.64
2017-05-22,600740,2.86,2.77,2.89,2.76,52872,32047923.0,4.53,-3.48,-0.1,0.8
2017-05-23,600740,2.78,2.84,2.98,2.78,121807,74626939.0,7.22,2.53,0.07,1.85
2017-05-24,600740,2.8,2.81,2.85,2.75,70112,42088570.0,3.52,-1.06,-0.03,1.07
2017-05-25,600740,2.83,2.92,2.94,2.76,116805,71293058.0,6.41,3.91,0.11,1.78
2017-05-26,600740,2.91,2.88,2.93,2.85,72177,44314812.0,2.74,-1.37,-0.04,1.1
2017-05-31,600740,2.91,2.84,2.95,2.83,60130,37016679.0,4.17,-1.39,-0.04,0.92
2017-06-01,600740,2.8,2.68,2.83,2.67,67761,40172798.0,5.63,-5.63,-0.16,1.03
2017-06-02,600740,2.68,2.75,2.75,2.65,50520,29408903.0,3.73,2.61,0.07,0.77
2017-06-05,600740,2.78,2.76,2.82,2.75,45498,27120083.0,2.55,0.36,0.01,0.69
2017-06-06,600740,2.75,2.79,2.79,2.74,31409,18664857.0,1.81,1.09,0.03,0.48
2017-06-07,600740,2.83,2.92,2.94,2.83,100972,62227770.0,3.94,4.66,0.13,1.54
2017-06-08,600740,2.89,2.89,2.92,2.88,37973,23413170.0,1.37,-1.03,-0.03,0.58
2017-06-09,600740,2.9,2.9,2.91,2.86,33957,20849755.0,1.73,0.35,0.01,0.52
2017-06-12,600740,2.9,2.94,2.97,2.88,82480,51372653.0,3.1,1.38,0.04,1.26
2017-06-13,600740,2.91,3.05,3.09,2.91,123866,79030860.0,6.12,3.74,0.11,1.89
2017-06-14,600740,3.04,3.05,3.09,3.0,87797,56290729.0,2.95,0.0,0.0,1.34
2017-06-22,600740,2.89,2.83,2.95,2.81,294945,180591119.0,4.59,-7.21,-0.22,4.49
2017-06-23,600740,2.79,2.76,2.84,2.68,145110,86166735.0,5.65,-2.47,-0.07,2.21
2017-06-26,600740,2.73,2.8,2.82,2.68,120549,71620617.0,5.07,1.45,0.04,1.84
2017-06-27,600740,2.82,3.01,3.09,2.78,263612,164011397.0,11.07,7.5,0.21,4.01
2017-06-28,600740,2.98,2.96,3.01,2.93,146129,91660467.0,2.66,-1.66,-0.05,2.22
2017-06-29,600740,3.15,3.33,3.33,3.09,279415,188716897.0,8.11,12.5,0.37,4.25
2017-06-30,600740,3.37,3.41,3.55,3.31,570815,403501456.0,7.21,2.4,0.08,8.69
2017-07-03,600740,3.41,3.49,3.55,3.33,398925,282512864.0,6.45,2.35,0.08,6.07
2017-07-04,600740,3.44,3.36,3.44,3.36,280228,196188127.0,2.29,-3.72,-0.13,4.27
2017-07-05,600740,3.39,3.57,3.66,3.39,514581,373354176.0,8.04,6.25,0.21,7.83
2017-07-06,600740,3.54,3.63,3.71,3.5,520316,383816224.0,5.88,1.68,0.06,7.92
2017-07-07,600740,3.57,3.68,3.72,3.5,412828,304118896.0,6.06,1.38,0.05,6.29
2017-07-10,600740,3.69,3.98,4.12,3.63,745863,597960256.0,13.32,8.15,0.3,11.36
2017-07-11,600740,4.01,3.87,4.07,3.79,423423,333362272.0,7.04,-2.76,-0.11,6.45
2017-07-12,600740,3.81,3.89,3.91,3.68,413714,316939968.0,5.94,0.52,0.02,6.3
2017-07-13,600740,3.85,3.78,3.98,3.75,442239,344594656.0,5.91,-2.83,-0.11,6.73
2017-07-14,600740,3.72,3.7,3.75,3.65,243892,183501233.0,2.65,-2.12,-0.08,3.71
2017-07-17,600740,3.74,3.63,3.84,3.43,373360,279674096.0,11.08,-1.89,-0.07,5.68
2017-07-18,600740,3.65,3.91,3.92,3.59,440993,337014672.0,9.09,7.71,0.28,6.71
2017-07-19,600740,3.8,4.09,4.21,3.8,764716,617419664.0,10.49,4.6,0.18,11.64
2017-07-20,600740,3.99,3.99,4.03,3.91,487247,389424320.0,2.93,-2.44,-0.1,7.42
2017-07-21,600740,3.92,3.89,4.04,3.86,391932,310788160.0,4.51,-2.51,-0.1,5.97
2017-07-24,600740,3.8,3.82,3.91,3.74,262608,202470830.0,4.37,-1.8,-0.07,4.0
2017-07-25,600740,3.85,3.88,3.96,3.8,255081,199712290.0,4.19,1.57,0.06,3.88
2017-07-26,600740,3.85,4.04,4.14,3.79,592103,477505504.0,9.02,4.12,0.16,9.01
2017-07-27,600740,3.96,3.85,4.02,3.75,431995,338077888.0,6.68,-4.7,-0.19,6.58
2017-07-28,600740,3.79,4.31,4.31,3.79,864024,718726720.0,13.51,11.95,0.46,13.15
2017-07-31,600740,4.46,4.69,4.78,4.36,1264050,1139830640.0,9.74,8.82,0.38,19.24
2017-08-01,600740,4.65,4.51,4.66,4.41,761576,676529984.0,5.33,-3.84,-0.18,11.59
2017-08-02,600740,4.54,4.85,5.04,4.45,1348680,1264998912.0,13.08,7.54,0.34,20.53
2017-08-03,600740,4.69,4.81,4.82,4.57,839541,773464928.0,5.15,-0.82,-0.04,12.78
2017-08-04,600740,4.72,4.61,5.12,4.56,952146,894986592.0,11.64,-4.16,-0.2,14.5
2017-08-07,600740,4.54,4.78,4.81,4.34,703814,632939104.0,10.2,3.69,0.17,10.72
2017-08-08,600740,4.9,4.75,5.09,4.68,969075,928305712.0,8.58,-0.63,-0.03,14.75
2017-08-09,600740,4.78,4.95,5.01,4.62,829777,781977648.0,8.21,4.21,0.2,12.63
2017-08-10,600740,4.75,4.66,4.79,4.54,750583,686363360.0,5.05,-5.86,-0.29,11.43
2017-08-11,600740,4.6,4.43,4.87,4.35,826287,758548736.0,11.16,-4.94,-0.23,12.58
2017-08-14,600740,4.45,4.4,4.49,4.19,495718,425123168.0,6.77,-0.68,-0.03,7.55
2017-08-15,600740,4.3,4.38,4.56,4.16,587271,505659632.0,9.09,-0.45,-0.02,8.94
2017-08-16,600740,4.38,4.24,4.45,4.17,439672,372879872.0,6.39,-3.2,-0.14,6.69
2017-08-17,600740,4.38,4.61,4.69,4.28,781002,688445168.0,9.67,8.73,0.37,11.89
2017-08-18,600740,4.51,4.46,4.51,4.36,444849,389731856.0,3.25,-3.25,-0.15,6.77
2017-08-21,600740,4.46,4.51,4.66,4.37,551175,491598048.0,6.5,1.12,0.05,8.39
2017-08-22,600740,4.44,4.49,4.54,4.37,397755,349461568.0,3.77,-0.44,-0.02,6.06
2017-08-23,600740,4.38,4.31,4.4,4.25,342197,293575328.0,3.34,-4.01,-0.18,5.21
2017-08-24,600740,4.39,4.47,4.64,4.36,563509,500540336.0,6.5,3.71,0.16,8.58
2017-08-25,600740,4.59,4.99,4.99,4.5,928082,872707744.0,10.96,11.63,0.52,14.13
2017-08-28,600740,5.05,5.56,5.56,4.91,1442805,1441357808.0,13.03,11.42,0.57,21.97
2017-08-30,600740,5.46,5.92,6.15,5.18,1367776,1467118384.0,17.45,6.47,0.36,20.82
2017-08-31,600740,5.79,5.82,5.98,5.63,985518,1088890928.0,5.91,-1.69,-0.1,15.0
2017-09-01,600740,5.88,6.25,6.47,5.75,1482187,1747730064.0,12.37,7.39,0.43,22.57
2017-09-04,600740,6.26,6.05,6.44,5.94,1013678,1180239840.0,8.0,-3.2,-0.2,15.43
2017-09-05,600740,5.92,5.84,5.96,5.65,724751,804149216.0,5.12,-3.47,-0.21,11.03
2017-09-06,600740,5.86,5.92,6.05,5.76,729071,821300272.0,4.97,1.37,0.08,11.1
2017-09-07,600740,5.91,5.95,6.23,5.83,635747,726367440.0,6.76,0.51,0.03,9.68
2017-09-08,600740,6.05,6.15,6.34,6.02,892537,1046105696.0,5.38,3.36,0.2,13.59
2017-09-11,600740,5.82,6.22,6.25,5.75,785422,890772848.0,8.13,1.14,0.07,11.96
2017-09-12,600740,6.5,6.36,6.82,6.29,1152336,1422972352.0,8.52,2.25,0.14,17.54
2017-09-13,600740,6.15,6.33,6.54,6.1,722929,865952448.0,6.92,-0.47,-0.03,11.01
2017-09-14,600740,6.22,6.07,6.28,5.98,546852,633973328.0,4.74,-4.11,-0.26,8.33
2017-09-15,600740,6.05,5.61,6.05,5.54,634835,696528464.0,8.4,-7.58,-0.46,9.67
2017-09-18,600740,5.51,5.74,5.75,5.5,399893,429471568.0,4.46,2.32,0.13,6.09
2017-09-19,600740,5.76,5.62,5.8,5.59,265381,288537728.0,3.66,-2.09,-0.12,4.04
2017-09-20,600740,5.63,5.85,5.89,5.6,481974,530792128.0,5.16,4.09,0.23,7.34
2017-09-21,600740,5.76,5.51,5.85,5.51,360923,392949664.0,5.81,-5.81,-0.34,5.49
2017-09-22,600740,5.4,5.61,5.75,5.31,405700,434229472.0,7.99,1.81,0.1,6.18
2017-09-25,600740,5.48,5.41,5.58,5.37,260880,273675280.0,3.74,-3.57,-0.2,3.97
2017-09-26,600740,5.46,5.56,5.67,5.46,319173,340010544.0,3.88,2.77,0.15,4.86
2017-09-27,600740,5.49,5.69,5.79,5.49,376184,410073040.0,5.4,2.34,0.13,5.73
2017-09-28,600740,5.7,5.55,5.84,5.52,344610,374318864.0,5.62,-2.46,-0.14,5.25
2017-09-29,600740,5.43,5.45,5.6,5.29,341730,356111696.0,5.59,-1.8,-0.1,5.2
2017-10-09,600740,5.58,5.47,5.58,5.36,231640,242619572.0,4.04,0.37,0.02,3.53
2017-10-10,600740,5.38,5.35,5.5,5.3,196227,202561543.0,3.66,-2.19,-0.12,2.99
2017-10-11,600740,5.39,5.27,5.45,5.22,229298,235606667.0,4.3,-1.5,-0.08,3.49
2017-10-12,600740,4.99,4.81,4.99,4.67,696560,647857808.0,6.07,-8.73,-0.46,10.6
2017-10-13,600740,4.79,4.75,4.83,4.67,338988,315216288.0,3.33,-1.25,-0.06,5.16
2017-10-16,600740,4.79,4.71,4.8,4.57,293512,269659136.0,4.84,-0.84,-0.04,4.47
2017-10-17,600740,4.61,4.57,4.69,4.54,210561,190875477.0,3.18,-2.97,-0.14,3.21
2017-10-18,600740,4.62,4.51,4.64,4.39,264198,235176102.0,5.47,-1.31,-0.06,4.02
2017-10-19,600740,4.49,4.49,4.55,4.36,241879,212915797.0,4.21,-0.44,-0.02,3.68
2017-10-20,600740,4.51,4.63,4.64,4.49,271563,244549381.0,3.34,3.12,0.14,4.13
2017-10-23,600740,4.58,4.54,4.6,4.49,173106,154782294.0,2.38,-1.94,-0.09,2.64
2017-10-24,600740,4.54,4.51,4.59,4.41,143112,127231351.0,3.96,-0.66,-0.03,2.18
2017-10-25,600740,4.49,4.56,4.59,4.47,145050,129742608.0,2.66,1.11,0.05,2.21
2017-10-26,600740,4.56,4.65,4.73,4.54,311459,283952288.0,4.17,1.97,0.09,4.74
2017-10-27,600740,4.6,4.54,4.64,4.43,225925,201737179.0,4.52,-2.37,-0.11,3.44
2017-10-30,600740,4.51,4.2,4.51,4.18,236200,201168895.0,7.27,-7.49,-0.34,3.6
2017-10-31,600740,4.14,4.25,4.31,4.14,150979,127299178.0,4.05,1.19,0.05,2.3
2017-11-01,600740,4.25,4.21,4.31,4.2,128452,108598083.0,2.59,-0.94,-0.04,1.96
2017-11-02,600740,4.33,4.31,4.48,4.29,318961,276201648.0,4.51,2.38,0.1,4.86
2017-11-03,600740,4.22,4.06,4.25,4.02,267968,220293501.0,5.34,-5.8,-0.25,4.08
2017-11-06,600740,4.09,4.23,4.27,3.96,325227,266971649.0,7.64,4.19,0.17,4.95
2017-11-07,600740,4.19,4.27,4.34,4.1,355436,299861312.0,5.67,0.95,0.04,5.41
2017-11-08,600740,4.2,4.35,4.41,4.14,326200,278027360.0,6.32,1.87,0.08,4.97
2017-11-09,600740,4.5,4.68,4.85,4.49,721295,660919136.0,8.28,7.59,0.33,10.98
2017-11-10,600740,4.52,4.57,4.6,4.46,404703,360600032.0,2.99,-2.35,-0.11,6.16
2017-11-13,600740,4.49,4.66,4.67,4.41,408286,366567728.0,5.69,1.97,0.09,6.22
2017-11-14,600740,4.6,4.66,4.83,4.59,455466,421099136.0,5.15,0.0,0.0,6.93
2017-11-15,600740,4.53,4.46,4.57,4.46,269733,239806765.0,2.36,-4.29,-0.2,4.11
2017-11-16,600740,4.44,4.27,4.53,4.17,239979,209386130.0,8.07,-4.26,-0.19,3.65
2017-11-17,600740,4.22,4.02,4.37,3.88,371630,309129232.0,11.48,-5.85,-0.25,5.66
2017-11-20,600740,4.01,4.21,4.22,3.76,280311,224311847.0,11.44,4.73,0.19,4.27
2017-11-21,600740,4.17,4.19,4.27,4.11,235280,196547220.0,3.8,-0.48,-0.02,3.58
2017-11-22,600740,4.4,4.45,4.46,4.22,371875,321391520.0,5.73,6.21,0.26,5.66
2017-11-23,600740,4.54,4.43,4.78,4.41,624539,566519216.0,8.31,-0.45,-0.02,9.51
2017-11-24,600740,4.3,4.72,4.77,4.2,585293,519231968.0,12.87,6.55,0.29,8.91
2017-11-27,600740,4.74,4.6,4.82,4.51,458746,420064064.0,6.57,-2.54,-0.12,6.98
2017-11-28,600740,4.53,4.8,4.83,4.43,576391,529749712.0,8.7,4.35,0.2,8.78
2017-11-29,600740,4.72,4.83,4.96,4.7,680128,642728304.0,5.42,0.63,0.03,10.35
2017-11-30,600740,4.97,5.16,5.34,4.91,1077510,1064374512.0,8.9,6.83,0.33,16.4
2017-12-01,600740,5.02,5.08,5.14,4.94,629187,614879264.0,3.88,-1.55,-0.08,9.58
2017-12-04,600740,5.22,5.04,5.31,4.96,571855,568188400.0,6.89,-0.79,-0.04,8.71
2017-12-05,600740,5.0,4.73,5.02,4.6,514578,485542816.0,8.33,-6.15,-0.31,7.83
2017-12-06,600740,4.65,4.89,4.91,4.56,431966,401272496.0,7.4,3.38,0.16,6.58
2017-12-07,600740,4.78,4.54,4.83,4.52,421591,388546864.0,6.34,-7.16,-0.35,6.42
2017-12-08,600740,4.4,4.52,4.62,4.36,405216,357560912.0,5.73,-0.44,-0.02,6.17
2017-12-11,600740,4.63,4.57,4.67,4.52,290557,261851812.0,3.32,1.11,0.05,4.42
2017-12-12,600740,4.6,4.4,4.61,4.36,296832,262981855.0,5.47,-3.72,-0.17,4.52
2017-12-13,600740,4.38,4.49,4.49,4.34,227667,198918972.0,3.41,2.05,0.09,3.47
2017-12-14,600740,4.41,4.5,4.54,4.41,223900,197696685.0,2.9,0.22,0.01,3.41
2017-12-15,600740,4.49,4.47,4.51,4.36,193032,169007933.0,3.33,-0.67,-0.03,2.94
2017-12-18,600740,4.57,4.99,4.99,4.52,850067,794809888.0,10.51,11.63,0.52,12.94
2017-12-19,600740,4.98,4.97,5.02,4.83,648572,622037376.0,3.81,-0.4,-0.02,9.87
2017-12-20,600740,4.92,4.96,5.09,4.85,551642,534464448.0,4.83,-0.2,-0.01,8.4
2017-12-21,600740,4.9,5.02,5.04,4.76,486224,464021312.0,5.65,1.21,0.06,7.4
2017-12-22,600740,4.98,5.07,5.16,4.94,570287,561071440.0,4.38,1.0,0.05,8.68
2017-12-25,600740,4.99,4.72,5.01,4.63,521324,492448656.0,7.5,-6.9,-0.35,7.94
2017-12-26,600740,4.65,4.7,4.77,4.51,335895,306382944.0,5.51,-0.42,-0.02,5.11
2017-12-27,600740,4.66,5.0,5.22,4.66,785975,766334016.0,11.91,6.38,0.3,11.97
2017-12-28,600740,4.97,5.14,5.22,4.89,761517,748726048.0,6.6,2.8,0.14,11.59
2017-12-29,600740,5.17,5.04,5.21,4.97,460690,452420304.0,4.67,-1.95,-0.1,7.01
2018-01-02,600740,5.07,5.3,5.4,5.07,707982,719406592.0,6.55,5.16,0.26,10.78
2018-01-03,600740,5.33,5.36,5.39,5.18,634508,648280000.0,3.96,1.13,0.06,9.66
2018-01-04,600740,5.34,5.63,5.74,5.34,1015534,1080646512.0,7.46,5.04,0.27,15.46
2018-01-05,600740,5.63,5.49,5.63,5.44,568322,601802304.0,3.37,-2.49,-0.14,8.65
2018-01-08,600740,5.56,5.81,6.08,5.56,794901,880202912.0,9.47,5.83,0.32,12.1
2018-01-09,600740,5.82,6.18,6.22,5.69,787637,897375872.0,9.12,6.37,0.37,11.99
2018-01-10,600740,6.01,6.04,6.21,5.95,439019,504110752.0,4.21,-2.27,-0.14,6.68
2018-01-11,600740,6.05,5.8,6.09,5.67,507973,565522304.0,6.95,-3.97,-0.24,7.73
2018-01-12,600740,5.79,5.69,5.82,5.53,428814,465199904.0,5.0,-1.9,-0.11,6.53
2018-01-15,600740,5.65,5.41,5.69,5.28,375102,392792640.0,7.21,-4.92,-0.28,5.71
2018-01-16,600740,5.41,5.54,5.61,5.37,343909,364829296.0,4.44,2.4,0.13,5.24
2018-01-17,600740,5.47,5.94,5.98,5.37,510470,563000224.0,11.01,7.22,0.4,7.77
2018-01-26,600740,6.23,6.32,6.6,6.11,1019719,1228232736.0,8.25,6.4,0.38,15.52
2018-01-29,600740,6.51,6.41,6.7,6.18,834838,1022055120.0,8.23,1.42,0.09,12.71
2018-01-30,600740,6.46,6.85,7.12,6.3,842014,1072462400.0,12.79,6.86,0.44,12.82
2018-01-31,600740,6.7,7.02,7.17,6.51,646006,826439696.0,9.64,2.48,0.17,9.84
2018-02-01,600740,6.91,6.62,7.19,6.56,584409,751102176.0,8.97,-5.7,-0.4,8.9
2018-02-02,600740,6.65,7.36,7.36,6.46,871124,1161777040.0,13.6,11.18,0.74,13.26
2018-02-05,600740,7.65,8.17,8.17,7.56,1230807,1799050544.0,8.29,11.01,0.81,18.74
2018-02-06,600740,7.91,7.59,8.05,7.38,897364,1291659328.0,8.2,-7.1,-0.58,13.66
2018-02-07,600740,7.95,7.32,8.36,7.27,1136804,1676574112.0,14.36,-3.56,-0.27,17.31
2018-02-08,600740,7.14,7.41,7.47,6.94,932296,1253230336.0,7.24,1.23,0.09,14.19
2018-02-09,600740,7.03,6.6,7.18,6.6,470429,605793872.0,7.83,-10.93,-0.81,7.16
2018-02-12,600740,6.36,6.28,6.51,5.98,748244,883808960.0,8.03,-4.85,-0.32,11.39
2018-02-13,600740,6.4,6.4,6.62,6.25,647073,785793472.0,5.89,1.91,0.12,9.85
2018-02-14,600740,6.46,6.49,6.56,6.11,488031,588873168.0,7.03,1.41,0.09,7.43
2018-02-22,600740,6.65,7.05,7.06,6.65,597708,770955904.0,6.32,8.63,0.56,9.1
2018-02-23,600740,6.95,7.56,7.83,6.84,848459,1158869488.0,14.04,7.23,0.51,12.92
2018-02-26,600740,7.83,7.84,7.92,7.51,748278,1070256528.0,5.42,3.7,0.28,11.39
2018-02-27,600740,7.73,7.17,7.75,6.98,953151,1299838384.0,9.82,-8.55,-0.67,14.51
2018-02-28,600740,7.16,7.32,7.41,6.8,601758,805263024.0,8.51,2.09,0.15,9.16
2018-03-01,600740,7.09,7.14,7.36,6.97,514747,686630432.0,5.33,-2.46,-0.18,7.84
2018-03-02,600740,6.87,6.85,7.05,6.75,472122,607806944.0,4.2,-4.06,-0.29,7.19
2018-03-05,600740,6.85,6.22,6.96,6.09,785559,957722992.0,12.7,-9.2,-0.63,11.96
2018-03-06,600740,6.16,6.73,6.81,5.95,900947,1080512704.0,13.83,8.2,0.51,13.72
2018-03-07,600740,6.59,6.36,6.63,6.31,543981,662385872.0,4.75,-5.5,-0.37,8.28
2018-03-08,600740,6.3,6.44,6.52,6.21,416996,501870096.0,4.87,1.26,0.08,6.35
2018-03-09,600740,6.38,6.44,6.47,6.23,365663,438776080.0,3.73,0.0,0.0,5.57
2018-03-12,600740,6.44,6.65,6.75,6.35,593254,736832768.0,6.21,3.26,0.21,9.03
2018-03-13,600740,6.53,6.65,6.9,6.49,513112,646772048.0,6.17,0.0,0.0,7.81
2018-03-14,600740,6.52,6.96,7.06,6.35,788360,1005333344.0,10.68,4.66,0.31,12.0
2018-03-15,600740,6.78,7.08,7.13,6.75,693305,906925440.0,5.46,1.72,0.12,10.56
2018-03-16,600740,6.99,6.71,7.09,6.59,570749,735345488.0,7.06,-5.23,-0.37,8.69
2018-03-19,600740,6.49,6.37,6.61,6.25,443718,536263488.0,5.37,-5.07,-0.34,6.76
2018-03-20,600740,6.24,6.41,6.49,6.24,311628,375897728.0,3.92,0.63,0.04,4.74
2018-03-21,600740,6.51,6.31,6.51,6.17,347661,416879040.0,5.3,-1.56,-0.1,5.29
2018-03-22,600740,6.29,6.23,6.39,6.2,228016,270691488.0,3.01,-1.27,-0.08,3.47
2018-03-23,600740,5.57,5.53,5.8,5.53,383501,412901328.0,4.33,-11.24,-0.7,5.84
2018-03-26,600740,5.27,5.4,5.44,5.11,323201,330376320.0,5.97,-2.35,-0.13,4.92
2018-03-27,600740,5.54,5.54,5.66,5.44,320574,341724672.0,4.07,2.59,0.14,4.88
2018-03-28,600740,5.37,5.43,5.68,5.3,271293,286327776.0,6.86,-1.99,-0.11,4.13
2018-03-29,600740,5.43,5.79,5.86,5.43,497281,541907584.0,7.92,6.63,0.36,7.57
2018-03-30,600740,5.76,5.82,5.91,5.65,419767,462148176.0,4.49,0.52,0.03,6.39
2018-04-02,600740,5.94,5.79,6.1,5.76,426356,480913536.0,5.84,-0.52,-0.03,6.49
2018-04-03,600740,5.57,5.48,5.61,5.43,285211,302477840.0,3.11,-5.35,-0.31,4.34
2018-04-04,600740,5.55,5.51,5.77,5.47,300898,322875648.0,5.47,0.55,0.03,4.58
2018-04-09,600740,5.51,5.42,5.56,5.28,237912,248353310.0,5.08,-1.63,-0.09,3.62
2018-04-10,600740,5.52,5.7,5.73,5.43,459618,496093136.0,5.54,5.17,0.28,7.0
2018-04-11,600740,5.7,5.62,5.76,5.58,335754,362609424.0,3.16,-1.4,-0.08,5.11
2018-04-12,600740,5.53,5.44,5.57,5.4,281227,295578976.0,3.02,-3.2,-0.18,4.28
2018-04-13,600740,5.51,5.59,5.71,5.43,356011,382760496.0,5.15,2.76,0.15,5.42
2018-04-16,600740,5.51,5.41,5.55,5.31,281170,292131952.0,4.29,-3.22,-0.18,4.28
2018-04-17,600740,5.41,5.32,5.54,5.3,232446,242408979.0,4.44,-1.66,-0.09,3.54
2018-04-18,600740,5.49,5.51,5.54,5.39,318473,335316544.0,2.82,3.57,0.19,4.85
2018-04-19,600740,5.46,5.82,5.88,5.46,516266,561265456.0,7.62,5.63,0.31,7.86
2018-04-20,600740,5.7,5.69,5.92,5.64,339711,371863152.0,4.81,-2.23,-0.13,5.17
2018-04-23,600740,5.8,5.8,5.93,5.68,371648,413950592.0,4.39,1.93,0.11,5.66
2018-04-24,600740,6.02,5.88,6.08,5.83,470314,534487952.0,4.31,1.38,0.08,7.16
2018-04-25,600740,5.72,5.76,5.79,5.62,311750,338945216.0,2.89,-2.04,-0.12,4.75
2018-04-26,600740,5.86,5.86,6.21,5.67,460860,518956560.0,9.38,1.74,0.1,7.02
2018-04-27,600740,5.87,5.9,6.09,5.78,392255,444607472.0,5.29,0.68,0.04,5.97
2018-05-02,600740,5.79,6.01,6.02,5.66,381041,423454160.0,6.1,1.86,0.11,5.8
2018-05-03,600740,5.96,5.96,6.09,5.89,372737,424877648.0,3.33,-0.83,-0.05,5.67
2018-05-04,600740,5.9,5.78,5.95,5.71,303891,338015152.0,4.03,-3.02,-0.18,4.63
2018-05-07,600740,5.78,6.03,6.04,5.73,434781,491085488.0,5.36,4.33,0.25,6.62
2018-05-08,600740,6.02,5.99,6.07,5.93,365875,416943136.0,2.32,-0.66,-0.04,5.57
2018-05-09,600740,5.92,5.92,6.07,5.85,307588,348171088.0,3.67,-1.17,-0.07,4.68
2018-05-10,600740,5.99,5.99,6.13,5.95,397231,455510544.0,3.04,1.18,0.07,6.05
2018-05-11,600740,6.04,6.4,6.53,5.95,839057,993447232.0,9.68,6.84,0.41,12.77
2018-05-14,600740,6.35,6.49,6.63,6.31,660310,806802480.0,5.0,1.41,0.09,10.05
2018-05-15,600740,6.63,6.55,6.71,6.31,476439,581222000.0,6.16,0.92,0.06,7.25
2018-05-16,600740,6.46,6.63,6.73,6.4,597945,741360928.0,5.04,1.22,0.08,9.1
2018-05-17,600740,6.56,6.55,6.67,6.45,367547,452829504.0,3.32,-1.21,-0.08,5.6
2018-05-18,600740,6.59,6.79,6.85,6.57,764089,965738880.0,4.27,3.66,0.24,11.63
2018-05-21,600740,6.6,6.65,6.76,6.43,640361,791707216.0,4.86,-2.06,-0.14,9.75
2018-05-22,600740,6.6,6.47,6.64,6.4,458488,561851664.0,3.61,-2.71,-0.18,6.98
2018-05-23,600740,6.32,5.94,6.32,5.89,616576,714260768.0,6.65,-8.19,-0.53,9.39
2018-05-24,600740,5.87,5.96,6.02,5.85,311580,352379376.0,2.86,0.34,0.02,4.74
2018-05-25,600740,6.01,5.82,6.04,5.81,262432,296207328.0,3.86,-2.35,-0.14,4.0
2018-05-28,600740,5.79,5.79,5.91,5.7,189963,210826765.0,3.61,-0.52,-0.03,2.89
2018-05-29,600740,5.86,6.03,6.07,5.85,373098,423372496.0,3.8,4.15,0.24,5.68
2018-05-30,600740,5.86,5.56,5.92,5.47,313619,345510672.0,7.46,-7.79,-0.47,4.77
2018-05-31,600740,5.69,5.6,5.73,5.57,268047,289873488.0,2.88,0.72,0.04,4.08
2018-06-01,600740,5.7,5.75,5.92,5.66,360637,400045568.0,4.64,2.68,0.15,5.49
2018-06-04,600740,5.82,5.85,5.95,5.76,232296,259532808.0,3.3,1.74,0.1,3.54
2018-06-05,600740,5.79,5.85,5.86,5.66,230449,253226732.0,3.42,0.0,0.0,3.51
2018-06-06,600740,5.85,5.89,5.92,5.8,201972,225977876.0,2.05,0.68,0.04,3.07
2018-06-07,600740,5.96,5.89,6.05,5.88,278295,315710512.0,2.89,0.0,0.0,4.24
2018-06-08,600740,5.82,5.74,5.85,5.65,227547,248544872.0,3.4,-2.55,-0.15,3.46
2018-06-11,600740,5.63,5.69,5.78,5.56,153126,166867997.0,3.83,-0.87,-0.05,2.33
2018-06-12,600740,5.72,5.89,5.91,5.67,267514,297180464.0,4.22,3.51,0.2,4.07
2018-06-13,600740,5.85,5.83,5.94,5.8,241519,270174176.0,2.38,-1.02,-0.06,3.68
2018-06-14,600740,5.78,6.14,6.16,5.75,502865,574754352.0,7.03,5.32,0.31,7.66
2018-06-15,600740,6.09,6.15,6.38,6.05,649930,767225696.0,5.37,0.16,0.01,9.89
2018-06-19,600740,5.96,5.46,6.07,5.46,545114,590526464.0,9.92,-11.22,-0.69,8.3
2018-06-20,600740,5.31,5.55,5.63,5.31,329853,347904224.0,5.86,1.65,0.09,5.02
2018-06-21,600740,5.6,5.67,5.95,5.59,494541,543551760.0,6.49,2.16,0.12,7.53
2018-06-22,600740,5.56,5.74,5.76,5.28,308693,330352032.0,8.47,1.23,0.07,4.7
2018-06-25,600740,5.82,5.57,5.85,5.52,255571,276537984.0,5.75,-2.96,-0.17,3.89
2018-06-26,600740,5.28,5.41,5.45,5.22,285460,294533104.0,4.13,-2.87,-0.16,4.35
2018-06-27,600740,5.43,5.3,5.5,5.27,196535,203372460.0,4.25,-2.03,-0.11,2.99
2018-06-28,600740,5.32,5.27,5.4,5.18,180667,184837982.0,4.15,-0.57,-0.03,2.75
2018-06-29,600740,5.27,5.33,5.34,4.94,329282,328680832.0,7.59,1.14,0.06,5.01
2018-07-02,600740,5.25,4.99,5.3,4.95,278123,276295632.0,6.57,-6.38,-0.34,4.23
2018-07-03,600740,4.91,4.92,4.99,4.72,275090,260981443.0,5.41,-1.4,-0.07,4.19
2018-07-04,600740,4.88,4.82,5.04,4.79,214353,205840264.0,5.08,-2.03,-0.1,3.26
2018-07-05,600740,4.75,4.44,4.82,4.42,290913,262506880.0,8.3,-7.88,-0.38,4.43
2018-07-06,600740,4.41,4.51,4.57,4.22,239155,209871422.0,7.88,1.58,0.07,3.64
2018-07-09,600740,4.49,4.74,4.76,4.49,264843,241437770.0,5.99,5.1,0.23,4.03
2018-07-10,600740,4.7,4.75,4.86,4.66,239351,222460212.0,4.22,0.21,0.01,3.64
2018-07-11,600740,4.57,4.59,4.63,4.46,196688,176618699.0,3.58,-3.37,-0.16,2.99
2018-07-12,600740,4.65,4.76,4.8,4.65,251309,233206089.0,3.27,3.7,0.17,3.83
2018-07-13,600740,4.76,4.82,4.91,4.75,258957,243752347.0,3.36,1.26,0.06,3.94
2018-07-16,600740,4.8,4.92,5.03,4.78,318355,306481600.0,5.19,2.07,0.1,4.85
2018-07-17,600740,4.93,4.86,4.93,4.73,204570,191802106.0,4.07,-1.22,-0.06,3.11
2018-07-18,600740,4.86,4.79,4.9,4.79,142638,134797230.0,2.26,-1.44,-0.07,2.17
2018-07-19,600740,4.82,4.85,4.93,4.79,198752,188760941.0,2.92,1.25,0.06,3.03
2018-07-20,600740,4.83,4.83,4.83,4.57,240717,222502414.0,5.36,-0.41,-0.02,3.66
2018-07-23,600740,4.74,5.11,5.15,4.69,422775,409852176.0,9.52,5.8,0.28,6.44
2018-07-24,600740,5.11,5.27,5.41,5.08,528766,538574064.0,6.46,3.13,0.16,8.05
2018-07-25,600740,5.38,5.4,5.56,5.19,485265,503754352.0,7.02,2.47,0.13,7.39
2018-07-26,600740,5.47,5.49,5.75,5.38,549371,581824080.0,6.85,1.67,0.09,8.36
2018-07-27,600740,5.7,5.61,5.73,5.49,391303,418689920.0,4.37,2.19,0.12,5.96
2018-07-30,600740,5.78,5.83,5.95,5.69,625114,693611600.0,4.63,3.92,0.22,9.52
2018-07-31,600740,5.79,5.62,5.83,5.52,390679,424072656.0,5.32,-3.6,-0.21,5.95
2018-08-01,600740,5.75,5.6,5.88,5.59,385636,422378000.0,5.16,-0.36,-0.02,5.87
2018-08-02,600740,5.49,5.75,5.81,5.23,425305,449017584.0,10.36,2.68,0.15,6.48
2018-08-03,600740,5.83,5.91,6.04,5.75,679309,764585328.0,5.04,2.78,0.16,10.34
2018-08-06,600740,5.85,5.98,6.1,5.67,545934,613159440.0,7.28,1.18,0.07,8.31
2018-08-07,600740,5.95,6.08,6.08,5.78,578833,653802944.0,5.02,1.67,0.1,8.81
2018-08-08,600740,5.96,5.79,6.05,5.76,467012,528385184.0,4.77,-4.77,-0.29,7.11
2018-08-09,600740,5.64,5.79,5.9,5.59,405102,445624032.0,5.35,0.0,0.0,6.17
2018-08-10,600740,5.79,5.91,5.96,5.73,418574,468539024.0,3.97,2.07,0.12,6.37
2018-08-13,600740,5.85,6.21,6.22,5.83,511360,585694000.0,6.6,5.08,0.3,7.79
2018-08-14,600740,6.23,6.09,6.37,6.07,652195,767983792.0,4.83,-1.93,-0.12,9.93
2018-08-15,600740,6.16,6.0,6.2,5.97,321535,369886416.0,3.78,-1.48,-0.09,4.9
2018-08-16,600740,5.91,5.94,6.08,5.85,319960,362782016.0,3.83,-1.0,-0.06,4.87
2018-08-17,600740,6.08,6.26,6.33,5.99,730273,853844656.0,5.72,5.39,0.32,11.12
2018-08-20,600740,6.14,6.08,6.23,5.88,482377,556423296.0,5.59,-2.88,-0.18,7.34
2018-08-21,600740,5.92,5.99,6.07,5.89,383357,435542848.0,2.96,-1.48,-0.09,5.84
2018-08-22,600740,6.01,5.91,6.2,5.9,441081,507936368.0,5.01,-1.34,-0.08,6.72
2018-08-23,600740,5.7,5.49,5.76,5.33,600549,637404768.0,7.28,-7.11,-0.42,9.14
2018-08-24,600740,5.36,5.33,5.42,5.29,271473,280242752.0,2.37,-2.91,-0.16,4.13
2018-08-27,600740,5.37,5.41,5.41,5.25,290990,299880688.0,3.0,1.5,0.08,4.43
2018-08-28,600740,5.38,5.52,5.56,5.34,340535,357264848.0,4.07,2.03,0.11,5.18
2018-08-29,600740,5.46,5.34,5.5,5.3,281581,293254784.0,3.62,-3.26,-0.18,4.29
2018-08-30,600740,5.28,5.05,5.33,5.01,384551,383673872.0,5.99,-5.43,-0.29,5.85
2018-08-31,600740,5.04,4.96,5.14,4.93,228407,223861877.0,4.16,-1.78,-0.09,3.48
2018-09-03,600740,4.99,4.91,5.02,4.75,249476,236217498.0,5.44,-1.01,-0.05,3.8
2018-09-04,600740,4.91,5.05,5.07,4.85,252538,244484813.0,4.48,2.85,0.14,3.84
2018-09-05,600740,5.05,4.86,5.08,4.85,234576,226820005.0,4.55,-3.76,-0.19,3.57
2018-09-06,600740,4.87,4.94,5.01,4.84,213797,205350609.0,3.5,1.65,0.08,3.25
2018-09-07,600740,5.01,5.05,5.16,5.01,379889,374617136.0,3.04,2.23,0.11,5.78
2018-09-10,600740,4.99,5.01,5.08,4.86,234058,226112950.0,4.36,-0.79,-0.04,3.56
2018-09-11,600740,4.88,4.69,4.91,4.51,317649,293869216.0,7.98,-6.39,-0.32,4.84
2018-09-12,600740,4.65,4.66,4.7,4.55,157484,143513159.0,3.2,-0.64,-0.03,2.4
2018-09-13,600740,4.73,4.73,4.76,4.61,166463,153150289.0,3.22,1.5,0.07,2.53
2018-09-14,600740,4.56,4.53,4.6,4.4,271762,241391815.0,4.23,-4.23,-0.2,4.14
2018-09-17,600740,4.49,4.48,4.57,4.46,123230,109642734.0,2.43,-1.1,-0.05,1.88
2018-09-18,600740,4.41,4.65,4.65,4.41,195684,175705311.0,5.36,3.79,0.17,2.98
2018-09-19,600740,4.61,4.67,4.76,4.59,243408,223346749.0,3.66,0.43,0.02,3.71
2018-09-20,600740,4.66,4.67,4.76,4.65,170086,156484210.0,2.36,0.0,0.0,2.59
2018-09-21,600740,4.67,4.92,4.96,4.66,420857,397275104.0,6.42,5.35,0.25,6.41
2018-09-25,600740,4.86,4.83,4.9,4.79,235645,222290738.0,2.24,-1.83,-0.09,3.59
2018-09-26,600740,4.8,4.85,4.96,4.8,256269,244222564.0,3.31,0.41,0.02,3.9
2018-09-27,600740,4.82,4.84,4.94,4.81,216684,205958943.0,2.68,-0.21,-0.01,3.3
2018-09-28,600740,4.81,4.87,4.9,4.72,200221,188710364.0,3.72,0.62,0.03,3.05
2018-10-08,600740,4.79,4.96,5.02,4.78,347274,333274368.0,4.93,1.85,0.09,5.29
2018-10-09,600740,4.98,5.16,5.17,4.94,392732,387472400.0,4.64,4.03,0.2,5.98
2018-10-10,600740,5.18,5.17,5.27,5.1,407713,408585360.0,3.29,0.19,0.01,6.21
2018-10-11,600740,4.92,4.98,5.14,4.86,380051,368838640.0,5.42,-3.68,-0.19,5.79
2018-10-12,600740,4.99,5.18,5.25,4.69,483905,474590720.0,11.24,4.02,0.2,7.37
2018-10-15,600740,5.18,4.93,5.18,4.9,321094,314060176.0,5.41,-4.83,-0.25,4.89
2018-10-16,600740,4.82,4.62,4.95,4.52,302067,280654640.0,8.72,-6.29,-0.31,4.6
2018-10-17,600740,4.73,4.79,4.8,4.57,263897,242591413.0,4.98,3.68,0.17,4.02
2018-10-18,600740,4.66,4.35,4.68,4.31,277161,246652119.0,7.72,-9.19,-0.44,4.22
2018-10-19,600740,4.17,4.37,4.43,4.1,273970,232953022.0,7.59,0.46,0.02,4.17
2018-10-22,600740,4.38,4.7,4.76,4.38,329725,297837632.0,8.7,7.55,0.33,5.02
2018-10-23,600740,4.74,4.82,4.96,4.69,432965,407739168.0,5.74,2.55,0.12,6.59
2018-10-24,600740,4.75,4.85,4.92,4.7,269962,254283626.0,4.56,0.62,0.03,4.11
2018-10-25,600740,4.63,4.94,4.95,4.58,288886,269102256.0,7.63,1.86,0.09,4.4
2018-10-26,600740,5.02,4.96,5.15,4.91,401087,390659600.0,4.86,0.4,0.02,6.11
2018-10-29,600740,4.87,4.66,4.91,4.65,256373,239614415.0,5.24,-6.05,-0.3,3.9
2018-10-30,600740,4.66,4.74,4.83,4.46,232193,212629869.0,7.94,1.72,0.08,3.54
2018-10-31,600740,4.7,4.86,4.96,4.7,283827,268105454.0,5.49,2.53,0.12,4.32
2018-11-01,600740,4.84,4.8,4.95,4.79,298486,283493728.0,3.29,-1.23,-0.06,4.54
2018-11-02,600740,4.86,4.95,4.95,4.78,361319,343547744.0,3.54,3.13,0.15,5.5
2018-11-05,600740,4.95,5.08,5.08,4.89,379612,367573696.0,3.84,2.63,0.13,5.78
2018-11-06,600740,5.08,5.01,5.08,4.94,287661,280002816.0,2.76,-1.38,-0.07,4.38
2018-11-07,600740,5.02,4.9,5.07,4.89,299341,290060672.0,3.59,-2.2,-0.11,4.56
2018-11-08,600740,4.93,4.96,5.02,4.86,234901,226082219.0,3.27,1.22,0.06,3.58
2018-11-09,600740,4.91,4.83,5.0,4.83,191572,183000839.0,3.43,-2.62,-0.13,2.92
2018-11-12,600740,4.73,4.88,4.89,4.69,181256,169983964.0,4.14,1.04,0.05,2.76
2018-11-13,600740,4.8,4.9,4.93,4.77,245412,232496514.0,3.28,0.41,0.02,3.74
2018-11-14,600740,4.83,4.89,5.01,4.83,275449,263979887.0,3.67,-0.2,-0.01,4.19
2018-11-15,600740,4.89,5.01,5.01,4.83,316055,302367712.0,3.68,2.45,0.12,4.81
2018-11-16,600740,5.05,4.98,5.09,4.97,401649,392713984.0,2.4,-0.6,-0.03,6.11
2018-11-19,600740,4.85,4.94,4.95,4.81,272758,259219514.0,2.81,-0.8,-0.04,4.15
2018-11-20,600740,4.87,4.66,4.98,4.65,266454,251481654.0,6.68,-5.67,-0.28,4.06
2018-11-21,600740,4.56,4.6,4.66,4.51,229058,206468038.0,3.22,-1.29,-0.06,3.49
2018-11-22,600740,4.63,4.62,4.67,4.58,123164,111943763.0,1.96,0.43,0.02,1.88
2018-11-23,600740,4.6,4.41,4.62,4.37,182342,161179498.0,5.41,-4.55,-0.21,2.78
2018-11-26,600740,4.37,4.29,4.44,4.24,138093,118947896.0,4.54,-2.72,-0.12,2.1
2018-11-27,600740,4.36,4.4,4.43,4.33,133515,116001301.0,2.33,2.56,0.11,2.03
2018-11-28,600740,4.38,4.42,4.43,4.3,119601,103718148.0,2.95,0.45,0.02,1.82
2018-11-29,600740,4.46,4.27,4.49,4.25,129660,112513814.0,5.43,-3.39,-0.15,1.97
2018-11-30,600740,4.27,4.32,4.34,4.22,94911,80780205.0,2.81,1.17,0.05,1.44
2018-12-03,600740,4.57,4.51,4.63,4.47,234912,209687440.0,3.7,4.4,0.19,3.58
2018-12-04,600740,4.48,4.62,4.67,4.46,242366,217594168.0,4.66,2.44,0.11,3.69
2018-12-05,600740,4.53,4.54,4.59,4.5,183384,164160532.0,1.95,-1.73,-0.08,2.79
2018-12-06,600740,4.49,4.56,4.63,4.49,233111,209997822.0,3.08,0.44,0.02,3.55
2018-12-07,600740,4.57,4.73,4.78,4.54,313532,287064080.0,5.26,3.73,0.17,4.77
2018-12-10,600740,4.63,4.66,4.74,4.62,191783,175815675.0,2.54,-1.48,-0.07,2.92
2018-12-11,600740,4.63,4.57,4.67,4.53,180949,163175900.0,3.0,-1.93,-0.09,2.75
2018-12-12,600740,4.61,4.57,4.63,4.55,92570,83460703.0,1.75,0.0,0.0,1.41
2018-12-13,600740,4.59,4.62,4.66,4.51,180418,163503097.0,3.28,1.09,0.05,2.75
2018-12-14,600740,4.62,4.46,4.63,4.44,142634,127471457.0,4.11,-3.46,-0.16,2.17
2018-12-17,600740,4.4,4.46,4.47,4.4,93717,82190194.0,1.57,0.0,0.0,1.43
2018-12-18,600740,4.4,4.38,4.46,4.35,84120,73164048.0,2.47,-1.79,-0.08,1.28
2018-12-19,600740,4.37,4.28,4.4,4.28,92806,79664745.0,2.74,-2.28,-0.1,1.41
2018-12-20,600740,4.28,4.33,4.35,4.27,78276,67020466.0,1.87,1.17,0.05,1.19
2018-12-21,600740,4.31,4.27,4.31,4.21,85809,72639465.0,2.31,-1.39,-0.06,1.31
2018-12-24,600740,4.28,4.32,4.33,4.25,67477,57673081.0,1.87,1.17,0.05,1.03
2018-12-25,600740,4.27,4.17,4.27,4.05,138639,114603003.0,5.09,-3.47,-0.15,2.11
2018-12-26,600740,4.15,4.09,4.2,4.07,78379,64603743.0,3.12,-1.92,-0.08,1.19
2018-12-27,600740,4.2,3.98,4.2,3.98,89062,73007981.0,5.38,-2.69,-0.11,1.36
2018-12-28,600740,4.01,3.99,4.04,3.96,78447,62865248.0,2.01,0.25,0.01,1.19
2019-01-02,600740,4.01,3.9,4.02,3.89,74641,59063349.0,3.26,-2.26,-0.09,1.14
2019-01-03,600740,3.92,3.89,3.97,3.88,79678,62858627.0,2.31,-0.26,-0.01,1.21
2019-01-04,600740,3.84,4.01,4.01,3.79,129168,102343214.0,5.66,3.08,0.12,1.97
2019-01-07,600740,4.02,4.07,4.09,3.97,129997,105222634.0,2.99,1.5,0.06,1.98
2019-01-08,600740,4.04,4.03,4.07,4.01,80184,64824683.0,1.47,-0.98,-0.04,1.22
2019-01-09,600740,4.05,4.03,4.12,4.01,140768,114755303.0,2.73,0.0,0.0,2.14
2019-01-10,600740,4.04,3.98,4.05,3.97,92493,74480018.0,1.99,-1.24,-0.05,1.41
2019-01-11,600740,4.01,4.09,4.1,3.98,157323,127850317.0,3.02,2.76,0.11,2.4
2019-01-14,600740,4.15,4.18,4.28,4.12,230024,192599189.0,3.91,2.2,0.09,3.5
2019-01-15,600740,4.15,4.15,4.15,4.05,163131,133675836.0,2.39,-0.72,-0.03,2.48
2019-01-16,600740,4.12,4.22,4.25,4.11,207748,173450958.0,3.37,1.69,0.07,3.16
2019-01-17,600740,4.21,4.21,4.37,4.14,303906,257423322.0,5.45,-0.24,-0.01,4.63
2019-01-18,600740,4.25,4.27,4.32,4.17,265074,224310189.0,3.56,1.43,0.06,4.04
2019-01-21,600740,4.27,4.26,4.3,4.22,180858,152997122.0,1.87,-0.23,-0.01,2.75
2019-01-22,600740,4.24,4.18,4.37,4.17,167723,141900515.0,4.69,-1.88,-0.08,2.55
2019-01-23,600740,4.16,4.18,4.23,4.12,106969,89073255.0,2.63,0.0,0.0,1.63
2019-01-24,600740,4.16,4.14,4.19,4.1,111654,92211281.0,2.15,-0.96,-0.04,1.7
2019-01-25,600740,4.14,4.1,4.17,4.1,81887,67723387.0,1.69,-0.97,-0.04,1.25
2019-01-28,600740,4.12,4.08,4.18,4.06,123785,101680207.0,2.93,-0.49,-0.02,1.88
2019-01-29,600740,4.17,4.27,4.3,4.15,351224,295362176.0,3.68,4.66,0.19,5.35
2019-01-30,600740,4.22,4.18,4.28,4.17,165157,138777384.0,2.58,-2.11,-0.09,2.51
2019-01-31,600740,4.18,4.24,4.28,4.09,243596,203922059.0,4.55,1.44,0.06,3.71
2019-02-01,600740,4.24,4.33,4.36,4.22,258749,221260592.0,3.3,2.12,0.09,3.94
2019-02-11,600740,4.34,4.38,4.42,4.29,261595,225509249.0,3.0,1.15,0.05,3.98
2019-02-12,600740,4.36,4.44,4.48,4.3,284549,246779808.0,4.11,1.37,0.06,4.33
2019-02-13,600740,4.4,4.45,4.49,4.37,333508,291985904.0,2.7,0.23,0.01,5.08
2019-02-14,600740,4.44,4.39,4.44,4.37,224313,195564930.0,1.57,-1.35,-0.06,3.42
2019-02-15,600740,4.38,4.31,4.41,4.31,199180,171565165.0,2.28,-1.82,-0.08,3.03
2019-02-18,600740,4.34,4.45,4.45,4.34,255157,222497478.0,2.55,3.25,0.14,3.88
2019-02-19,600740,4.43,4.41,4.49,4.36,248970,217703215.0,2.92,-0.9,-0.04,3.79
2019-02-20,600740,4.37,4.63,4.63,4.32,498823,442955248.0,7.03,4.99,0.22,7.59
2019-02-21,600740,4.6,4.53,4.66,4.5,372364,334445824.0,3.46,-2.16,-0.1,5.67
2019-02-22,600740,4.53,4.6,4.64,4.5,334425,301399952.0,3.09,1.55,0.07,5.09
2019-02-25,600740,4.63,4.89,4.92,4.59,570697,532089072.0,7.17,6.3,0.29,8.69
2019-02-26,600740,4.84,4.95,5.32,4.78,744600,726972896.0,11.04,1.23,0.06,11.34
2019-02-27,600740,4.89,4.92,5.13,4.87,471029,455152784.0,5.25,-0.61,-0.03,7.17
2019-02-28,600740,4.91,4.86,4.99,4.78,310634,295034832.0,4.27,-1.22,-0.06,4.73
2019-03-01,600740,4.9,4.92,4.92,4.8,250332,237948819.0,2.47,1.23,0.06,3.81
2019-03-04,600740,4.92,4.94,5.08,4.88,453615,439049632.0,4.07,0.41,0.02,6.91
2019-03-05,600740,4.92,4.95,4.95,4.83,358248,341436224.0,2.43,0.2,0.01,5.45
2019-03-06,600740,4.95,5.15,5.26,4.87,743223,735926656.0,7.88,4.04,0.2,11.32
2019-03-07,600740,5.17,5.2,5.31,5.05,632328,633726096.0,5.05,0.97,0.05,9.63
2019-03-08,600740,5.05,4.73,5.05,4.72,482598,460672608.0,6.35,-9.04,-0.47,7.35
2019-03-11,600740,4.72,4.84,4.85,4.69,276921,258930579.0,3.38,2.33,0.11,4.22
2019-03-12,600740,4.85,4.84,4.93,4.76,356467,337951248.0,3.51,0.0,0.0,5.43
2019-03-13,600740,4.83,4.71,4.83,4.69,276619,257465114.0,2.89,-2.69,-0.13,4.21
2019-03-14,600740,4.7,4.75,4.79,4.66,253376,234831133.0,2.76,0.85,0.04,3.86
2019-03-15,600740,4.75,4.83,4.9,4.72,296159,278467680.0,3.79,1.68,0.08,4.51
2019-03-18,600740,4.83,5.05,5.12,4.82,445244,430122704.0,6.21,4.55,0.22,6.78
2019-03-19,600740,5.04,4.96,5.07,4.91,321083,309962432.0,3.17,-1.78,-0.09,4.89
2019-03-20,600740,5.16,5.09,5.25,4.97,645133,641534896.0,5.65,2.62,0.13,9.82
2019-03-21,600740,5.11,5.05,5.12,5.0,386439,378827264.0,2.36,-0.79,-0.04,5.88
2019-03-22,600740,5.01,4.96,5.02,4.86,310420,298446832.0,3.17,-1.78,-0.09,4.73
2019-03-25,600740,4.85,4.83,4.92,4.82,222316,211032080.0,2.02,-2.62,-0.13,3.38
2019-03-26,600740,4.83,4.69,4.88,4.66,209497,195227135.0,4.55,-2.9,-0.14,3.19
2019-03-27,600740,4.7,4.75,4.75,4.67,141781,130742292.0,1.71,1.28,0.06,2.16
2019-03-28,600740,4.7,4.64,4.7,4.62,146760,134349463.0,1.68,-2.32,-0.11,2.23
2019-03-29,600740,4.65,4.8,4.81,4.63,252792,235399290.0,3.88,3.45,0.16,3.85
2019-04-01,600740,4.82,5.01,5.04,4.78,438763,422397152.0,5.42,4.38,0.21,6.68
2019-04-02,600740,5.02,5.05,5.07,4.93,418174,405443280.0,2.79,0.8,0.04,6.37
2019-04-03,600740,5.02,5.07,5.15,5.0,373182,366767584.0,2.97,0.4,0.02,5.68
2019-04-04,600740,5.11,5.2,5.24,5.07,568331,568681504.0,3.35,2.56,0.13,8.65
2019-04-08,600740,5.4,5.79,5.79,5.33,1177123,1271564576.0,8.85,11.35,0.59,17.92
2019-04-09,600740,5.82,5.58,5.82,5.46,786285,844645184.0,6.22,-3.63,-0.21,11.97
2019-04-10,600740,5.47,5.42,5.54,5.33,474231,495140096.0,3.76,-2.87,-0.16,7.22
2019-04-11,600740,5.4,5.28,5.57,5.26,470712,490844688.0,5.72,-2.58,-0.14,7.17
2019-04-12,600740,5.26,5.38,5.38,5.24,274310,280616240.0,2.65,1.89,0.1,4.18
2019-04-15,600740,5.51,5.47,5.66,5.43,506078,536653168.0,4.28,1.67,0.09,7.7
2019-04-16,600740,5.47,5.63,5.71,5.41,597838,639746480.0,5.48,2.93,0.16,9.1
2019-04-17,600740,5.65,5.57,5.72,5.49,505383,541454624.0,4.09,-1.07,-0.06,7.69
2019-04-18,600740,5.57,5.34,5.58,5.33,392943,410531520.0,4.49,-4.13,-0.23,5.98
2019-04-19,600740,5.36,5.69,5.75,5.3,530471,563299920.0,8.43,6.55,0.35,8.08
2019-04-22,600740,5.62,5.56,5.8,5.52,607667,659227856.0,4.92,-2.28,-0.13,9.25
2019-04-23,600740,5.54,5.49,5.7,5.41,345693,369003280.0,5.22,-1.26,-0.07,5.26
2019-04-24,600740,5.52,5.54,5.62,5.38,250036,264177688.0,4.37,0.91,0.05,3.81
2019-04-25,600740,5.57,5.33,5.7,5.28,373325,394260256.0,7.58,-3.79,-0.21,5.68
2019-04-26,600740,5.25,5.02,5.34,5.01,310657,308317040.0,6.19,-5.82,-0.31,4.73
2019-04-29,600740,5.03,4.79,5.07,4.74,223266,212739781.0,6.57,-4.58,-0.23,3.4
2019-04-30,600740,4.78,4.87,4.9,4.78,133924,126763996.0,2.51,1.67,0.08,2.04
2019-05-06,600740,4.7,4.34,4.7,4.31,273197,241919618.0,8.01,-10.88,-0.53,4.16
2019-05-07,600740,4.43,4.46,4.5,4.35,172371,150984165.0,3.46,2.76,0.12,2.62
2019-05-08,600740,4.34,4.47,4.53,4.27,175915,153656161.0,5.83,0.22,0.01,2.68
2019-05-09,600740,4.43,4.43,4.54,4.38,155320,136538008.0,3.58,-0.89,-0.04,2.36
2019-05-10,600740,4.5,4.51,4.57,4.28,275875,243512210.0,6.55,1.81,0.08,4.2
2019-05-13,600740,4.41,4.45,4.52,4.4,146984,129500756.0,2.66,-1.33,-0.06,2.24
2019-05-14,600740,4.39,4.33,4.44,4.32,162038,140266030.0,2.7,-2.7,-0.12,2.47
2019-05-15,600740,4.37,4.44,4.46,4.36,160152,139600383.0,2.31,2.54,0.11,2.44
2019-05-16,600740,4.45,4.56,4.62,4.42,275324,247139466.0,4.5,2.7,0.12,4.19
2019-05-17,600740,4.53,4.36,4.55,4.35,205428,179722538.0,4.39,-4.39,-0.2,3.13
2019-05-20,600740,4.34,4.27,4.36,4.15,147221,124309890.0,4.82,-2.06,-0.09,2.24
2019-05-21,600740,4.28,4.63,4.66,4.28,346163,306606784.0,8.9,8.43,0.36,5.27
2019-05-22,600740,4.69,4.62,4.83,4.61,432080,398371136.0,4.75,-0.22,-0.01,6.58
2019-05-23,600740,4.49,4.57,4.75,4.37,344461,308225584.0,8.23,-1.08,-0.05,5.24
2019-05-24,600740,4.54,4.66,4.74,4.54,281618,256800342.0,4.38,1.97,0.09,4.29
2019-05-27,600740,4.62,4.72,4.77,4.51,340630,310440576.0,5.58,1.29,0.06,5.19
2019-05-28,600740,4.65,4.62,4.78,4.6,290125,266493675.0,3.81,-2.12,-0.1,4.42
2019-05-29,600740,4.58,4.67,4.69,4.52,242957,220941223.0,3.68,1.08,0.05,3.7
2019-05-30,600740,4.73,4.64,4.78,4.56,254203,232208344.0,4.71,-0.64,-0.03,3.87
2019-05-31,600740,4.56,4.48,4.6,4.47,212566,190134429.0,2.8,-3.45,-0.16,3.24
2019-06-03,600740,4.46,4.33,4.49,4.29,173612,150148525.0,4.46,-3.35,-0.15,2.64
2019-06-04,600740,4.34,4.31,4.35,4.28,109091,93411209.0,1.62,-0.46,-0.02,1.66
2019-06-05,600740,4.36,4.31,4.38,4.29,89771,77100068.0,2.09,0.0,0.0,1.37
2019-06-06,600740,4.29,4.21,4.29,4.2,115467,97211628.0,2.09,-2.32,-0.1,1.76
2019-06-10,600740,4.22,4.27,4.3,4.21,83345,70576232.0,2.14,1.43,0.06,1.27
2019-06-11,600740,4.27,4.48,4.51,4.27,203424,177272308.0,5.62,4.92,0.21,3.1
2019-06-12,600740,4.43,4.39,4.47,4.35,152859,133316704.0,2.68,-2.01,-0.09,2.33
2019-06-13,600740,4.36,4.4,4.43,4.33,111801,96934775.0,2.28,0.23,0.01,1.7
2019-06-14,600740,4.4,4.32,4.41,4.31,101750,87702010.0,2.27,-1.82,-0.08,1.55
2019-06-17,600740,4.34,4.38,4.46,4.31,106635,92390238.0,3.47,1.39,0.06,1.62
2019-06-18,600740,4.34,4.33,4.37,4.3,78663,67558319.0,1.6,-1.14,-0.05,1.2
2019-06-19,600740,4.43,4.37,4.45,4.36,117873,102462486.0,2.08,0.92,0.04,1.79
2019-06-20,600740,4.35,4.49,4.49,4.34,179874,157904401.0,3.43,2.75,0.12,2.74
2019-06-21,600740,4.49,4.5,4.52,4.46,183382,158746993.0,1.34,0.22,0.01,2.79
2019-06-24,600740,4.48,4.57,4.63,4.48,234746,206208714.0,3.33,1.56,0.07,3.57
2019-06-25,600740,4.6,4.52,4.6,4.43,175071,152170530.0,3.72,-1.09,-0.05,2.67
2019-06-26,600740,4.5,4.49,4.54,4.47,90849,78915316.0,1.55,-0.66,-0.03,1.38
2019-06-27,600740,4.5,4.5,4.53,4.48,129832,112674390.0,1.11,0.22,0.01,1.98
2019-06-28,600740,4.49,4.39,4.49,4.37,134602,114699050.0,2.67,-2.44,-0.11,2.05
2019-07-01,600740,4.46,4.51,4.54,4.43,176093,152521277.0,2.51,2.73,0.12,2.68
2019-07-02,600740,4.5,4.54,4.6,4.49,156446,136851292.0,2.44,0.67,0.03,2.38
2019-07-03,600740,4.54,4.53,4.56,4.46,122409,106463684.0,2.2,-0.22,-0.01,1.86
2019-07-04,600740,4.51,4.54,4.57,4.49,116172,101263103.0,1.77,0.22,0.01,1.77
2019-07-05,600740,4.53,4.62,4.66,4.51,242349,214796207.0,3.3,1.76,0.08,3.69
2019-07-08,600740,4.6,4.41,4.6,4.4,164584,141821482.0,4.33,-4.55,-0.21,2.51
2019-07-09,600740,4.42,4.41,4.44,4.33,94687,80241361.0,2.49,0.0,0.0,1.44
2019-07-10,600740,4.38,4.34,4.41,4.33,74633,63060133.0,1.81,-1.59,-0.07,1.14
2019-07-11,600740,4.35,4.36,4.41,4.33,60719,51237731.0,1.84,0.46,0.02,0.92
2019-07-12,600740,4.35,4.4,4.43,4.32,78501,66611416.0,2.52,0.92,0.04,1.2
2019-07-15,600740,4.39,4.5,4.51,4.36,107240,92064010.0,3.41,2.27,0.1,1.63
2019-07-16,600740,4.49,4.54,4.56,4.47,124257,108201685.0,2.0,0.89,0.04,1.89
2019-07-17,600740,4.54,4.54,4.56,4.47,121281,105630582.0,1.98,0.0,0.0,1.85
2019-07-18,600740,4.51,4.41,4.54,4.4,104030,89599514.0,3.08,-2.86,-0.13,1.58
2019-07-19,600740,4.4,4.46,4.49,4.4,76995,66173957.0,2.04,1.13,0.05,1.17
2019-07-22,600740,4.49,4.36,4.49,4.33,81651,69103840.0,3.59,-2.24,-0.1,1.24
2019-07-23,600740,4.37,4.37,4.4,4.34,59204,49966988.0,1.38,0.23,0.01,0.9
2019-07-24,600740,4.37,4.41,4.46,4.37,86493,73780255.0,2.06,0.92,0.04,1.32
2019-07-25,600740,4.4,4.41,4.46,4.37,77503,66014802.0,2.04,0.0,0.0,1.18
2019-07-26,600740,4.41,4.53,4.57,4.4,236907,206269547.0,3.85,2.72,0.12,3.61
2019-07-29,600740,4.53,4.54,4.59,4.48,129713,113157112.0,2.43,0.22,0.01,1.97
2019-07-30,600740,4.52,4.51,4.57,4.5,104786,91434931.0,1.54,-0.66,-0.03,1.6
2019-07-31,600740,4.5,4.48,4.51,4.46,72281,62473760.0,1.11,-0.67,-0.03,1.1
2019-08-01,600740,4.44,4.41,4.46,4.39,78116,66670874.0,1.56,-1.56,-0.07,1.19
2019-08-02,600740,4.28,4.28,4.33,4.24,131160,108885460.0,2.04,-2.95,-0.13,2.0
2019-08-05,600740,4.27,4.14,4.28,4.13,112288,91871364.0,3.5,-3.27,-0.14,1.71
2019-08-06,600740,4.09,3.94,4.09,3.82,147575,113897301.0,6.52,-4.83,-0.2,2.25
2019-08-07,600740,3.96,3.94,3.99,3.92,61622,47825210.0,1.78,0.0,0.0,0.94
2019-08-08,600740,3.95,3.96,3.99,3.95,54687,42584054.0,1.02,0.51,0.02,0.83
2019-08-09,600740,3.99,3.85,3.99,3.81,76670,58570327.0,4.55,-2.78,-0.11,1.17
2019-08-12,600740,3.85,3.9,3.91,3.78,51158,38692777.0,3.38,1.3,0.05,0.78
2019-08-13,600740,3.85,3.85,3.88,3.83,35468,26846792.0,1.28,-1.28,-0.05,0.54
2019-08-14,600740,3.9,3.98,4.14,3.86,121284,94592197.0,7.27,3.38,0.13,1.85
2019-08-15,600740,3.86,3.94,3.95,3.82,77419,59170553.0,3.27,-1.01,-0.04,1.18
2019-08-16,600740,3.95,3.95,4.0,3.94,61069,47474716.0,1.52,0.25,0.01,0.93
2019-08-19,600740,3.97,4.05,4.07,3.95,89450,70374498.0,3.04,2.53,0.1,1.36
2019-08-20,600740,4.15,4.3,4.47,4.15,418874,349822560.0,7.9,6.17,0.25,6.38
2019-08-21,600740,4.21,4.18,4.24,4.17,170783,139354068.0,1.63,-2.79,-0.12,2.6
2019-08-22,600740,4.18,4.13,4.2,4.08,119367,96073422.0,2.87,-1.2,-0.05,1.82
2019-08-23,600740,4.11,4.11,4.13,4.08,64398,51542252.0,1.21,-0.48,-0.02,0.98
2019-08-26,600740,3.98,4.04,4.08,3.95,77149,60639569.0,3.16,-1.7,-0.07,1.17
2019-08-27,600740,4.06,4.09,4.12,4.04,100467,79982798.0,1.98,1.24,0.05,1.53
2019-08-28,600740,4.08,4.13,4.15,4.03,96678,76964016.0,2.93,0.98,0.04,1.47
2019-08-29,600740,4.13,4.05,4.14,4.05,68698,54701015.0,2.18,-1.94,-0.08,1.05
2019-08-30,600740,4.08,3.95,4.1,3.95,82137,64398308.0,3.7,-2.47,-0.1,1.25
2019-09-02,600740,3.95,4.09,4.11,3.95,115015,91528638.0,4.05,3.54,0.14,1.75
2019-09-03,600740,4.09,4.05,4.09,4.03,78827,62380344.0,1.47,-0.98,-0.04,1.2
2019-09-04,600740,4.06,4.15,4.15,4.04,111474,89002284.0,2.72,2.47,0.1,1.7
2019-09-05,600740,4.15,4.12,4.21,4.11,161757,131428465.0,2.41,-0.72,-0.03,2.46
2019-09-06,600740,4.14,4.13,4.17,4.09,88443,71153016.0,1.94,0.24,0.01,1.35
2019-09-09,600740,4.15,4.21,4.21,4.13,119116,96760976.0,1.94,1.94,0.08,1.81
2019-09-10,600740,4.19,4.17,4.2,4.14,85004,68899186.0,1.43,-0.95,-0.04,1.29
2019-09-11,600740,4.18,4.17,4.27,4.17,131263,107283117.0,2.4,0.0,0.0,2.0
2019-09-12,600740,4.17,4.18,4.19,4.12,82374,66732717.0,1.68,0.24,0.01,1.25
2019-09-16,600740,4.24,4.2,4.25,4.18,114605,93814917.0,1.67,0.48,0.02,1.74
2019-09-17,600740,4.21,4.07,4.22,4.07,105178,84628703.0,3.57,-3.1,-0.13,1.6
2019-09-18,600740,4.09,4.06,4.09,4.05,61372,48830129.0,0.98,-0.25,-0.01,0.93
2019-09-19,600740,4.06,4.05,4.08,4.0,75081,59140403.0,1.97,-0.25,-0.01,1.14
2019-09-20,600740,4.04,4.03,4.04,4.0,68729,54030113.0,0.99,-0.49,-0.02,1.05
2019-09-23,600740,4.02,3.98,4.02,3.96,53295,41478955.0,1.49,-1.24,-0.05,0.81
2019-09-24,600740,4.01,3.98,4.02,3.98,50923,39775334.0,1.01,0.0,0.0,0.78
2019-09-25,600740,3.96,3.89,3.96,3.85,63757,49015936.0,2.76,-2.26,-0.09,0.97
2019-09-26,600740,3.92,3.91,3.96,3.86,65618,50393651.0,2.57,0.51,0.02,1.0
2019-09-27,600740,3.92,3.95,3.96,3.91,41460,32049269.0,1.28,1.02,0.04,0.63
2019-09-30,600740,3.96,3.89,3.96,3.86,50034,38396511.0,2.53,-1.52,-0.06,0.76
2019-10-08,600740,3.87,3.9,3.94,3.85,35471,27235128.0,2.31,0.26,0.01,0.54
2019-10-09,600740,3.89,3.94,3.95,3.85,37778,28956960.0,2.56,1.03,0.04,0.58
2019-10-10,600740,3.92,3.95,3.96,3.91,38909,30049281.0,1.27,0.25,0.01,0.59
2019-10-11,600740,3.94,3.95,3.96,3.9,56618,43762558.0,1.52,0.0,0.0,0.86
2019-10-14,600740,3.99,3.99,4.01,3.95,82214,64135260.0,1.52,1.01,0.04,1.25
2019-10-15,600740,3.95,3.88,3.95,3.85,83714,63995551.0,2.51,-2.76,-0.11,1.27
2019-10-16,600740,3.89,3.85,3.91,3.85,49776,37911533.0,1.55,-0.77,-0.03,0.76
2019-10-17,600740,3.85,3.85,3.87,3.83,27890,21141986.0,1.04,0.0,0.0,0.42
2019-10-18,600740,3.85,3.81,3.91,3.8,47653,36056314.0,2.86,-1.04,-0.04,0.73
2019-10-21,600740,3.79,3.81,3.81,3.76,28868,21517594.0,1.31,0.0,0.0,0.44
2019-10-22,600740,3.83,3.83,3.84,3.8,24768,18632653.0,1.05,0.52,0.02,0.38
2019-10-23,600740,3.82,3.78,3.83,3.77,33823,25319529.0,1.57,-1.31,-0.05,0.51
2019-10-24,600740,3.76,3.79,3.8,3.76,22815,17033717.0,1.06,0.26,0.01,0.35
2019-10-25,600740,3.77,3.84,3.84,3.77,34974,26230755.0,1.85,1.32,0.05,0.53
2019-10-28,600740,3.81,3.85,3.85,3.81,49287,37160646.0,1.04,0.26,0.01,0.75
2019-10-29,600740,3.82,3.72,3.82,3.72,91660,67847334.0,2.6,-3.38,-0.13,1.4
2019-10-30,600740,3.72,3.59,3.72,3.57,93093,66843172.0,4.03,-3.49,-0.13,1.42
2019-10-31,600740,3.58,3.54,3.61,3.53,46043,32640948.0,2.23,-1.39,-0.05,0.7
2019-11-01,600740,3.54,3.57,3.58,3.52,50746,35959784.0,1.69,0.85,0.03,0.77
2019-11-04,600740,3.57,3.51,3.57,3.5,53347,37667159.0,1.96,-1.68,-0.06,0.81
2019-11-05,600740,3.51,3.46,3.51,3.38,103735,71439991.0,3.7,-1.42,-0.05,1.58
2019-11-06,600740,3.46,3.42,3.46,3.4,54605,37507360.0,1.73,-1.16,-0.04,0.83
2019-11-07,600740,3.42,3.45,3.45,3.41,36061,24776500.0,1.17,0.88,0.03,0.55
2019-11-08,600740,3.47,3.43,3.48,3.42,31456,21644801.0,1.74,-0.58,-0.02,0.48
2019-11-11,600740,3.41,3.22,3.41,3.19,97872,64711837.0,6.41,-6.12,-0.21,1.49
2019-11-12,600740,3.22,3.25,3.25,3.2,39719,25942803.0,1.55,0.93,0.03,0.6
2019-11-13,600740,3.25,3.19,3.25,3.18,44960,29154411.0,2.15,-1.85,-0.06,0.68
2019-11-14,600740,3.22,3.25,3.29,3.21,53524,35194266.0,2.51,1.88,0.06,0.81
2019-11-15,600740,3.23,3.17,3.24,3.17,49140,31857005.0,2.15,-2.46,-0.08,0.75
2019-11-18,600740,3.15,3.25,3.29,3.09,81129,52882335.0,6.31,2.52,0.08,1.24
2019-11-19,600740,3.23,3.31,3.33,3.21,79344,52364140.0,3.69,1.85,0.06,1.21
2019-11-20,600740,3.31,3.34,3.43,3.27,135000,91177378.0,4.83,0.91,0.03,2.06
2019-11-21,600740,3.3,3.32,3.35,3.28,55236,36827429.0,2.1,-0.6,-0.02,0.84
2019-11-22,600740,3.34,3.46,3.47,3.32,153216,104552832.0,4.52,4.22,0.14,2.33
2019-11-25,600740,3.56,3.75,3.83,3.55,374458,275871744.0,8.09,8.38,0.29,5.7
2019-11-26,600740,3.65,3.53,3.68,3.51,278045,197329165.0,4.53,-5.87,-0.22,4.23
2019-11-27,600740,3.5,3.52,3.55,3.45,119022,83229103.0,2.83,-0.28,-0.01,1.81
2019-11-28,600740,3.52,3.43,3.53,3.39,121140,83519833.0,3.98,-2.56,-0.09,1.84
2019-11-29,600740,3.44,3.46,3.52,3.41,93724,64904161.0,3.21,0.87,0.03,1.43
2019-12-02,600740,3.46,3.43,3.46,3.4,68329,46829186.0,1.73,-0.87,-0.03,1.04
2019-12-03,600740,3.42,3.43,3.43,3.36,51297,34917812.0,2.04,0.0,0.0,0.78
2019-12-04,600740,3.44,3.52,3.56,3.39,117093,81285562.0,4.96,2.62,0.09,1.78
2019-12-05,600740,3.53,3.5,3.55,3.47,88385,61705985.0,2.27,-0.57,-0.02,1.35
2019-12-06,600740,3.5,3.49,3.5,3.43,73251,50632044.0,2.0,-0.29,-0.01,1.12
2019-12-09,600740,3.54,3.57,3.59,3.49,150939,106569320.0,2.87,2.29,0.08,2.3
2019-12-10,600740,3.55,3.5,3.56,3.47,101119,70807218.0,2.52,-1.96,-0.07,1.54
2019-12-11,600740,3.49,3.46,3.54,3.44,96929,67624888.0,2.86,-1.14,-0.04,1.48
2019-12-12,600740,3.44,3.39,3.45,3.38,76204,51937007.0,2.02,-2.02,-0.07,1.16
2019-12-13,600740,3.41,3.43,3.44,3.39,81284,55610746.0,1.47,1.18,0.04,1.24
2019-12-16,600740,3.47,3.5,3.5,3.45,89004,61820144.0,1.46,2.04,0.07,1.36
2019-12-17,600740,3.5,3.57,3.59,3.47,139331,98418103.0,3.43,2.0,0.07,2.12
2019-12-18,600740,3.57,3.53,3.62,3.52,108136,76714685.0,2.8,-1.12,-0.04,1.65
2019-12-19,600740,3.56,3.64,3.66,3.56,163786,117329249.0,2.83,3.12,0.11,2.49
2019-12-20,600740,3.63,3.56,3.63,3.56,85728,61268033.0,1.92,-2.2,-0.08,1.31
2019-12-23,600740,3.54,3.44,3.57,3.44,91624,63927571.0,3.65,-3.37,-0.12,1.39
2019-12-24,600740,3.43,3.51,3.51,3.43,62499,43425038.0,2.33,2.03,0.07,0.95
2019-12-25,600740,3.51,3.47,3.51,3.45,63074,43748639.0,1.71,-1.14,-0.04,0.96
2019-12-26,600740,3.47,3.62,3.62,3.45,158683,112291767.0,4.9,4.32,0.15,2.42
2019-12-27,600740,3.59,3.61,3.73,3.58,206456,149323423.0,4.14,-0.28,-0.01,3.14
2019-12-30,600740,3.6,3.73,3.74,3.59,216485,158055832.0,4.16,3.32,0.12,3.3
2019-12-31,600740,3.73,3.78,3.8,3.67,187112,138254678.0,3.49,1.34,0.05,2.85
2020-01-02,600740,3.8,3.75,3.83,3.75,205929,153554602.0,2.12,-0.79,-0.03,3.14
2020-01-03,600740,3.73,3.74,3.77,3.72,139226,102862161.0,1.33,-0.27,-0.01,2.12
2020-01-06,600740,3.74,3.76,3.81,3.69,178198,131946006.0,3.21,0.53,0.02,2.71
2020-01-07,600740,3.78,3.91,4.12,3.78,355616,275356560.0,9.04,3.99,0.15,5.41
2020-01-08,600740,3.89,3.77,3.94,3.75,230053,174021807.0,4.86,-3.58,-0.14,3.5
2020-01-09,600740,3.81,3.78,3.82,3.74,129365,96377496.0,2.12,0.27,0.01,1.97
2020-01-10,600740,3.78,3.7,3.79,3.7,93287,68837605.0,2.38,-2.12,-0.08,1.42
2020-01-13,600740,3.71,3.75,3.76,3.68,78536,57859938.0,2.16,1.35,0.05,1.2
2020-01-14,600740,3.75,3.75,3.79,3.74,94429,70143413.0,1.33,0.0,0.0,1.44
2020-01-15,600740,3.72,3.72,3.73,3.68,63200,46312689.0,1.33,-0.8,-0.03,0.96
2020-01-16,600740,3.71,3.7,3.8,3.67,87746,64728268.0,3.49,-0.54,-0.02,1.34
2020-01-17,600740,3.72,3.7,3.73,3.7,44221,32436138.0,0.81,0.0,0.0,0.67
2020-01-20,600740,3.72,3.67,3.72,3.64,60381,43965790.0,2.16,-0.81,-0.03,0.92
2020-01-21,600740,3.51,3.31,3.51,3.25,252349,169622493.0,7.08,-9.81,-0.36,3.84
2020-01-22,600740,3.25,3.27,3.29,3.19,136675,89284915.0,3.02,-1.21,-0.04,2.08
2020-01-23,600740,3.24,3.11,3.24,3.09,106022,68208842.0,4.59,-4.89,-0.16,1.61
2020-02-03,600740,2.74,2.74,2.74,2.74,23468,13376760.0,0.0,-11.9,-0.37,0.32
2020-02-04,600740,2.4,2.56,2.67,2.4,204986,110271676.0,9.85,-6.57,-0.18,2.77
2020-02-05,600740,2.58,2.6,2.63,2.54,211188,115015259.0,3.52,1.56,0.04,2.85
2020-02-06,600740,2.59,2.72,2.72,2.57,170732,94141753.0,5.77,4.62,0.12,2.3
2020-02-07,600740,2.68,2.66,2.72,2.63,121821,67892308.0,3.31,-2.21,-0.06,1.64
2020-02-10,600740,2.65,2.81,2.82,2.63,179852,102928796.0,7.14,5.64,0.15,2.43
2020-02-11,600740,2.82,2.88,3.01,2.82,240622,144330290.0,6.76,2.49,0.07,3.25
2020-02-12,600740,2.84,2.91,2.91,2.8,146821,86849612.0,3.82,1.04,0.03,1.98
2020-02-13,600740,2.94,2.87,2.95,2.85,111528,66515638.0,3.44,-1.37,-0.04,1.51
2020-02-14,600740,2.88,2.88,2.91,2.86,88437,52473603.0,1.74,0.35,0.01,1.19
2020-02-17,600740,2.86,2.96,2.98,2.86,139983,84204772.0,4.17,2.78,0.08,1.89
2020-02-18,600740,2.96,3.01,3.08,2.94,167278,102618818.0,4.73,1.69,0.05,2.26
2020-02-19,600740,2.98,2.96,3.02,2.95,129988,79274828.0,2.33,-1.66,-0.05,1.75
2020-02-20,600740,2.98,3.02,3.02,2.91,174530,106310478.0,3.72,2.03,0.06,2.36
2020-02-21,600740,3.01,3.04,3.08,2.98,175895,109161142.0,3.31,0.66,0.02,2.37
2020-02-24,600740,3.04,3.0,3.06,2.97,145504,89483382.0,2.96,-1.32,-0.04,1.96
2020-02-25,600740,2.91,2.92,2.92,2.79,179878,106694491.0,4.33,-2.67,-0.08,2.43
2020-02-26,600740,2.86,2.98,3.08,2.82,218832,134173696.0,8.9,2.05,0.06,2.95
2020-02-27,600740,2.95,2.91,2.99,2.89,134976,81324034.0,3.36,-2.35,-0.07,1.82
2020-02-28,600740,2.8,2.67,2.85,2.66,176279,100948313.0,6.53,-8.25,-0.24,2.38
2020-03-02,600740,2.72,2.88,2.89,2.72,160371,93598779.0,6.37,7.87,0.21,2.17
2020-03-03,600740,2.92,2.86,2.98,2.83,163315,97569051.0,5.21,-0.69,-0.02,2.2
2020-03-04,600740,2.84,2.99,3.01,2.82,237795,143639696.0,6.64,4.55,0.13,3.21
2020-03-05,600740,2.99,3.09,3.19,2.98,372025,233965864.0,7.02,3.34,0.1,5.02
2020-03-06,600740,3.04,3.07,3.11,3.01,190489,118609539.0,3.24,-0.65,-0.02,2.57
2020-03-09,600740,2.92,2.9,2.98,2.89,193617,116727757.0,2.93,-5.54,-0.17,2.61
2020-03-10,600740,2.83,2.94,2.94,2.75,162759,96099336.0,6.55,1.38,0.04,2.2
2020-03-11,600740,2.94,2.92,3.02,2.92,118317,71562908.0,3.4,-0.68,-0.02,1.6
2020-03-12,600740,2.86,2.83,2.89,2.8,89895,52751618.0,3.08,-3.08,-0.09,1.21
2020-03-13,600740,2.68,2.76,2.79,2.66,143270,81081920.0,4.59,-2.47,-0.07,1.93
2020-03-16,600740,2.79,2.64,2.8,2.63,107880,61127210.0,6.16,-4.35,-0.12,1.46
2020-03-17,600740,2.68,2.61,2.71,2.52,87984,48118437.0,7.2,-1.14,-0.03,1.19
2020-03-18,600740,2.63,2.54,2.66,2.53,73822,40388035.0,4.98,-2.68,-0.07,1.0
2020-03-19,600740,2.51,2.52,2.56,2.47,78979,42044131.0,3.54,-0.79,-0.02,1.07
2020-03-20,600740,2.56,2.6,2.62,2.51,64155,34703291.0,4.37,3.17,0.08,0.87
2020-03-23,600740,2.51,2.47,2.54,2.45,65889,34929441.0,3.46,-5.0,-0.13,0.89
2020-03-24,600740,2.52,2.53,2.53,2.46,52830,28013346.0,2.83,2.43,0.06,0.71
2020-03-25,600740,2.57,2.59,2.62,2.56,63290,34434177.0,2.37,2.37,0.06,0.85
2020-03-26,600740,2.58,2.54,2.58,2.53,41676,22435518.0,1.93,-1.93,-0.05,0.56
2020-03-27,600740,2.59,2.53,2.59,2.53,60705,32748994.0,2.36,-0.39,-0.01,0.82
2020-03-30,600740,2.47,2.49,2.53,2.44,66861,35041311.0,3.56,-1.58,-0.04,0.9
2020-03-31,600740,2.52,2.51,2.6,2.51,70069,37618315.0,3.61,0.8,0.02,0.95
2020-04-01,600740,2.47,2.46,2.52,2.46,57723,30439538.0,2.39,-1.99,-0.05,0.78
2020-04-02,600740,2.46,2.56,2.56,2.42,73304,38769767.0,5.69,4.07,0.1,0.99
2020-04-03,600740,2.53,2.5,2.56,2.49,52658,28064752.0,2.73,-2.34,-0.06,0.71
2020-04-07,600740,2.54,2.58,2.58,2.53,72765,39246767.0,2.0,3.2,0.08,0.98
2020-04-08,600740,2.55,2.63,2.67,2.54,114314,63027176.0,5.04,1.94,0.05,1.54
2020-04-09,600740,2.65,2.62,2.66,2.6,63616,35024472.0,2.28,-0.38,-0.01,0.86
2020-04-10,600740,2.6,2.54,2.62,2.53,57763,31218118.0,3.44,-3.05,-0.08,0.78
2020-04-13,600740,2.53,2.51,2.54,2.5,33020,17618295.0,1.57,-1.18,-0.03,0.45
2020-04-14,600740,2.58,2.63,2.66,2.56,115563,63605828.0,3.98,4.78,0.12,1.56
2020-04-15,600740,2.63,2.58,2.64,2.57,71689,39201351.0,2.66,-1.9,-0.05,0.97
2020-04-16,600740,2.58,2.56,2.58,2.53,52101,28053367.0,1.94,-0.78,-0.02,0.7
2020-04-17,600740,2.6,2.56,2.63,2.55,61425,33403915.0,3.13,0.0,0.0,0.83
2020-04-20,600740,2.56,2.55,2.58,2.53,41625,22371586.0,1.95,-0.39,-0.01,0.56
2020-04-21,600740,2.53,2.49,2.54,2.47,58106,30742031.0,2.75,-2.35,-0.06,0.78
2020-04-22,600740,2.47,2.65,2.8,2.47,239709,133669085.0,13.25,6.43,0.16,3.24
2020-04-23,600740,2.63,2.61,2.7,2.6,138593,76644756.0,3.77,-1.51,-0.04,1.87
2020-04-24,600740,2.62,2.78,2.81,2.58,288432,163682850.0,8.81,6.51,0.17,3.89
2020-04-27,600740,2.76,2.68,2.76,2.67,146066,82369733.0,3.24,-3.6,-0.1,1.97
2020-04-28,600740,2.65,2.54,2.71,2.5,123828,67478476.0,7.84,-5.22,-0.14,1.67
2020-04-29,600740,2.52,2.61,2.63,2.51,85913,46747041.0,4.72,2.76,0.07,1.16
2020-04-30,600740,2.59,2.66,2.67,2.59,96456,53367736.0,3.07,1.92,0.05,1.3
2020-05-06,600740,2.62,2.7,2.75,2.62,104632,58856583.0,4.89,1.5,0.04,1.41
2020-05-07,600740,2.7,2.68,2.7,2.66,64417,36020197.0,1.48,-0.74,-0.02,0.87
2020-05-08,600740,2.71,2.75,2.75,2.67,99835,56112819.0,2.99,2.61,0.07,1.35
2020-05-11,600740,2.76,2.73,2.79,2.71,120432,68793182.0,2.91,-0.73,-0.02,1.63
2020-05-12,600740,2.72,2.77,2.79,2.69,113040,64441934.0,3.66,1.47,0.04,1.53
2020-05-13,600740,2.72,2.72,2.72,2.66,92241,51879353.0,2.17,-1.81,-0.05,1.25
2020-05-14,600740,2.69,2.7,2.71,2.66,75249,42187306.0,1.84,-0.74,-0.02,1.02
2020-05-15,600740,2.73,2.69,2.77,2.68,89639,50807979.0,3.33,-0.37,-0.01,1.21
2020-05-18,600740,2.67,2.73,2.76,2.65,96103,54258585.0,4.09,1.49,0.04,1.3
2020-05-19,600740,2.76,2.76,2.79,2.73,108514,62120433.0,2.2,1.1,0.03,1.46
2020-05-20,600740,2.76,2.7,2.79,2.67,98672,56052121.0,4.35,-2.17,-0.06,1.33
2020-05-21,600740,2.71,2.69,2.73,2.67,61101,34412391.0,2.22,-0.37,-0.01,0.82
2020-05-22,600740,2.69,2.59,2.7,2.58,92171,50729240.0,4.46,-3.72,-0.1,1.24
2020-05-25,600740,2.62,2.71,2.76,2.6,129000,72250959.0,6.18,4.63,0.12,1.74
2020-05-26,600740,2.69,2.72,2.75,2.64,98949,55612595.0,4.06,0.37,0.01,1.34
2020-05-27,600740,2.71,2.85,2.94,2.7,294722,172334269.0,8.82,4.78,0.13,3.98
2020-05-28,600740,2.83,2.83,2.91,2.8,147043,86278104.0,3.86,-0.7,-0.02,1.99
2020-05-29,600740,2.82,2.82,2.86,2.78,118393,68875451.0,2.83,-0.35,-0.01,1.6
2020-06-01,600740,2.84,2.86,2.86,2.81,137627,80827168.0,1.77,1.42,0.04,1.86
2020-06-02,600740,2.85,2.92,2.94,2.83,163975,97507663.0,3.85,2.1,0.06,2.21
2020-06-03,600740,2.94,2.88,2.94,2.86,136769,81540839.0,2.74,-1.37,-0.04,1.85
2020-06-04,600740,2.91,2.95,3.02,2.88,193497,117182095.0,4.86,2.43,0.07,2.61
2020-06-05,600740,2.98,2.96,3.04,2.92,178308,108507761.0,4.07,0.34,0.01,2.41
2020-06-08,600740,2.95,2.96,3.0,2.93,119795,72838775.0,2.36,0.0,0.0,1.62
2020-06-09,600740,2.96,2.91,2.96,2.89,121617,73074326.0,2.36,-1.69,-0.05,1.64
2020-06-10,600740,2.92,2.89,2.94,2.86,107867,64303918.0,2.75,-0.69,-0.02,1.46
2020-06-11,600740,2.89,2.83,2.91,2.83,103822,61171595.0,2.77,-2.08,-0.06,1.4
2020-06-12,600740,2.78,2.82,2.82,2.75,97564,56323099.0,2.47,-0.35,-0.01,1.32
2020-06-15,600740,2.8,2.76,2.83,2.75,86111,49784622.0,2.84,-2.13,-0.06,1.16
2020-06-16,600740,2.79,2.85,2.85,2.79,85359,49893795.0,2.17,3.26,0.09,1.15
2020-06-17,600740,2.85,2.9,2.98,2.83,149699,89532723.0,5.26,1.75,0.05,2.02
2020-06-18,600740,2.89,3.0,3.04,2.85,290189,177282130.0,6.55,3.45,0.1,3.92
2020-06-19,600740,2.98,2.96,3.0,2.91,172598,104284349.0,3.0,-1.33,-0.04,2.33
2020-06-22,600740,2.96,2.92,2.97,2.91,117478,70797757.0,2.03,-1.35,-0.04,1.59
2020-06-23,600740,2.94,2.97,2.98,2.9,88489,40392437.0,2.74,1.71,0.05,0.92
2020-06-24,600740,2.93,2.86,2.97,2.83,127754,57880200.0,4.71,-3.7,-0.11,1.33
2020-06-29,600740,2.83,2.73,2.84,2.72,148040,64083693.0,4.2,-4.55,-0.13,1.54
2020-06-30,600740,2.75,2.75,2.77,2.73,101679,43867506.0,1.47,0.73,0.02,1.06
2020-07-01,600740,2.76,2.83,2.83,2.73,135513,59113377.0,3.64,2.91,0.08,1.41
2020-07-02,600740,2.82,2.94,2.95,2.8,229990,103563134.0,5.3,3.89,0.11,2.39
2020-07-03,600740,2.94,3.13,3.23,2.91,570559,273508816.0,10.88,6.46,0.19,5.93
2020-07-06,600740,3.17,3.42,3.45,3.16,642339,323509584.0,9.27,9.27,0.29,6.67
2020-07-07,600740,3.55,3.39,3.55,3.27,655643,335131040.0,8.19,-0.88,-0.03,6.81
2020-07-08,600740,3.33,3.43,3.5,3.3,465720,241618856.0,5.9,1.18,0.04,4.84
2020-07-09,600740,3.4,3.6,3.68,3.34,631302,333392976.0,9.91,4.96,0.17,6.56
2020-07-10,600740,3.51,3.4,3.54,3.39,402800,211463014.0,4.17,-5.56,-0.2,4.18
2020-07-13,600740,3.34,3.47,3.5,3.34,326625,170532032.0,4.71,2.06,0.07,3.39
2020-07-14,600740,3.46,3.53,3.62,3.35,400133,210528219.0,7.78,1.73,0.06,4.16
2020-07-15,600740,3.51,3.35,3.53,3.35,244724,126701135.0,5.1,-5.1,-0.18,2.54
2020-07-16,600740,3.36,3.13,3.4,3.09,225648,112656664.0,9.25,-6.57,-0.22,2.34
2020-07-17,600740,3.18,3.17,3.23,3.08,176740,85891809.0,4.79,1.28,0.04,1.84
2020-07-20,600740,3.21,3.37,3.39,3.19,219368,110599783.0,6.31,6.31,0.2,2.28
2020-07-21,600740,3.37,3.36,3.45,3.33,179764,92392295.0,3.56,-0.3,-0.01,1.87
2020-07-22,600740,3.36,3.31,3.4,3.29,221717,113144246.0,3.27,-1.49,-0.05,2.3
2020-07-23,600740,3.29,3.33,3.34,3.14,205111,101957773.0,6.04,0.6,0.02,2.13
2020-07-24,600740,3.26,3.2,3.36,3.16,187931,93273200.0,6.01,-3.9,-0.13,1.95
2020-07-27,600740,3.19,3.16,3.22,3.12,93262,45244814.0,3.13,-1.25,-0.04,0.97
2020-07-28,600740,3.2,3.24,3.32,3.2,148551,74006849.0,3.8,2.53,0.08,1.54
2020-07-29,600740,3.23,3.28,3.28,3.16,124597,61647373.0,3.7,1.23,0.04,1.29
2020-07-30,600740,3.3,3.24,3.36,3.23,142448,71458219.0,3.96,-1.22,-0.04,1.48
2020-07-31,600740,3.26,3.21,3.29,3.17,142500,70367665.0,3.7,-0.93,-0.03,1.48
2020-08-03,600740,3.23,3.46,3.49,3.23,483291,248475363.0,8.1,7.79,0.25,5.02
2020-08-04,600740,3.43,3.4,3.5,3.36,295357,153581599.0,4.05,-1.73,-0.06,3.07
2020-08-05,600740,3.41,3.45,3.53,3.3,469646,244054585.0,6.76,1.47,0.05,4.88
2020-08-06,600740,3.44,3.44,3.49,3.39,310352,161556146.0,2.9,-0.29,-0.01,3.22
2020-08-07,600740,3.5,3.45,3.61,3.41,357510,189284713.0,5.81,0.29,0.01,3.71
2020-08-10,600740,3.4,3.38,3.43,3.34,206343,106056035.0,2.61,-2.03,-0.07,2.14
2020-08-11,600740,3.37,3.29,3.4,3.27,203944,103797953.0,3.85,-2.66,-0.09,2.12
2020-08-12,600740,3.26,3.26,3.26,3.18,154781,76373650.0,2.43,-0.91,-0.03,1.61
2020-08-13,600740,3.29,3.28,3.35,3.26,106607,53701880.0,2.76,0.61,0.02,1.11
2020-08-14,600740,3.29,3.26,3.3,3.23,89798,44691195.0,2.13,-0.61,-0.02,0.93
2020-08-17,600740,3.3,3.35,3.39,3.28,188912,95938853.0,3.37,2.76,0.09,1.96
2020-08-18,600740,3.35,3.39,3.47,3.34,315151,163585267.0,3.88,1.19,0.04,3.27
2020-08-19,600740,3.37,3.36,3.44,3.34,212952,109537427.0,2.95,-0.88,-0.03,2.21
2020-08-20,600740,3.36,3.26,3.41,3.23,215037,108547229.0,5.36,-2.98,-0.1,2.23
2020-08-21,600740,3.25,3.23,3.3,3.21,135526,67262592.0,2.76,-0.92,-0.03,1.41
2020-08-24,600740,3.26,3.23,3.26,3.19,100168,49489409.0,2.17,0.0,0.0,1.04
2020-08-25,600740,3.26,3.2,3.26,3.19,104844,51576311.0,2.17,-0.93,-0.03,1.09
2020-08-26,600740,3.2,3.13,3.21,3.13,94800,46059261.0,2.5,-2.19,-0.07,0.98
2020-08-27,600740,3.12,3.13,3.16,3.11,73669,35471982.0,1.6,0.0,0.0,0.77
2020-08-28,600740,3.13,3.17,3.18,3.08,80838,38983774.0,3.19,1.28,0.04,0.84
2020-08-31,600740,3.18,3.19,3.23,3.17,102779,50430556.0,1.89,0.63,0.02,1.07
2020-09-01,600740,3.18,3.18,3.19,3.15,56279,27373448.0,1.25,-0.31,-0.01,0.58
2020-09-02,600740,3.19,3.16,3.2,3.13,68342,33146873.0,2.2,-0.63,-0.02,0.71
2020-09-03,600740,3.19,3.21,3.26,3.16,119756,58971427.0,3.16,1.58,0.05,1.24
2020-09-04,600740,3.15,3.15,3.16,3.13,78620,37994429.0,0.93,-1.87,-0.06,0.82
2020-09-07,600740,3.16,3.13,3.2,3.12,71994,34915564.0,2.54,-0.63,-0.02,0.75
2020-09-08,600740,3.13,3.2,3.23,3.11,114373,55772221.0,3.83,2.24,0.07,1.19
2020-09-09,600740,3.16,3.19,3.26,3.16,182239,90050399.0,3.13,-0.31,-0.01,1.89
2020-09-10,600740,3.23,3.13,3.26,3.12,139981,68545159.0,4.39,-1.88,-0.06,1.45
2020-09-11,600740,3.12,3.08,3.13,3.03,96154,45493192.0,3.19,-1.6,-0.05,1.0
2020-09-14,600740,3.08,3.06,3.1,3.04,63454,29971552.0,1.95,-0.65,-0.02,0.66
2020-09-15,600740,3.06,3.1,3.15,3.02,97020,45976066.0,4.25,1.31,0.04,1.01
2020-09-16,600740,3.06,3.06,3.11,3.04,65534,31044044.0,2.26,-1.29,-0.04,0.68
2020-09-17,600740,3.06,3.04,3.06,3.02,53743,25259394.0,1.31,-0.65,-0.02,0.56
2020-09-18,600740,3.04,3.15,3.16,3.03,128974,61769534.0,4.28,3.62,0.11,1.34
2020-09-21,600740,3.15,3.14,3.2,3.13,78220,37891405.0,2.22,-0.32,-0.01,0.81
2020-09-22,600740,3.06,3.04,3.12,3.04,82557,39104667.0,2.55,-3.18,-0.1,0.86
2020-09-23,600740,3.06,2.97,3.07,2.96,100532,46772887.0,3.62,-2.3,-0.07,1.04
2020-09-24,600740,2.96,2.85,2.96,2.83,99832,44730063.0,4.38,-4.04,-0.12,1.04
2020-09-25,600740,2.87,2.86,2.9,2.83,47540,21263105.0,2.46,0.35,0.01,0.49
2020-09-28,600740,2.88,2.94,2.97,2.86,103236,47116810.0,3.85,2.8,0.08,1.07
2020-09-29,600740,2.95,2.93,3.0,2.91,56744,25905971.0,3.06,-0.34,-0.01,0.59
2020-09-30,600740,2.92,2.88,2.95,2.87,53452,24203660.0,2.73,-1.71,-0.05,0.56
2020-10-09,600740,2.93,3.03,3.08,2.92,128466,59735644.0,5.56,5.21,0.15,1.33
2020-10-12,600740,3.04,3.12,3.13,3.03,140592,66967899.0,3.3,2.97,0.09,1.46
2020-10-13,600740,3.16,3.19,3.25,3.14,225900,110981315.0,3.53,2.24,0.07,2.35
2020-10-14,600740,3.16,3.12,3.18,3.1,112689,54305239.0,2.51,-2.19,-0.07,1.17
2020-10-15,600740,3.12,3.29,3.39,3.12,381506,190909047.0,8.65,5.45,0.17,3.96
2020-10-16,600740,3.23,3.37,3.43,3.23,494520,252846493.0,6.08,2.43,0.08,5.14
2020-10-19,600740,3.35,3.29,3.4,3.25,249256,125671340.0,4.45,-2.37,-0.08,2.59
2020-10-20,600740,3.27,3.25,3.27,3.18,157333,77618229.0,2.74,-1.22,-0.04,1.63
2020-10-21,600740,3.25,3.23,3.26,3.17,119359,58608043.0,2.77,-0.62,-0.02,1.24
2020-10-22,600740,3.2,3.14,3.23,3.13,129000,62844082.0,3.1,-2.79,-0.09,1.34
2020-10-23,600740,3.14,3.14,3.18,3.13,87184,42252774.0,1.59,0.0,0.0,0.91
2020-10-26,600740,3.13,3.09,3.13,3.06,75474,35879082.0,2.23,-1.59,-0.05,0.78
2020-10-27,600740,3.1,3.24,3.26,3.1,164188,80471344.0,5.18,4.85,0.15,1.71
2020-10-28,600740,3.24,3.25,3.3,3.18,144995,71902656.0,3.7,0.31,0.01,1.51
2020-10-29,600740,3.19,3.26,3.31,3.19,155641,77609884.0,3.69,0.31,0.01,1.62
2020-10-30,600740,3.27,3.3,3.39,3.24,296976,150268331.0,4.6,1.23,0.04,3.08
2020-11-02,600740,3.36,3.36,3.4,3.33,247283,126442045.0,2.12,1.82,0.06,2.57
2020-11-03,600740,3.37,3.47,3.5,3.3,436881,227529865.0,5.95,3.27,0.11,4.54
2020-11-04,600740,3.59,3.73,3.87,3.48,928783,511401168.0,11.24,7.49,0.26,9.65
2020-11-05,600740,3.7,3.71,3.73,3.59,632811,348681168.0,3.75,-0.54,-0.02,6.57
2020-11-06,600740,3.73,3.8,3.91,3.7,668967,379297232.0,5.66,2.43,0.09,6.95
2020-11-09,600740,3.93,4.16,4.2,3.81,891271,532639280.0,10.26,9.47,0.36,9.26
2020-11-10,600740,4.04,3.97,4.09,3.92,682060,405133616.0,4.09,-4.57,-0.19,7.08
2020-11-11,600740,3.98,4.16,4.33,3.95,878762,543049856.0,9.57,4.79,0.19,9.13
2020-11-12,600740,4.04,4.1,4.12,3.99,400719,241298179.0,3.13,-1.44,-0.06,4.16
2020-11-13,600740,4.08,3.99,4.08,3.9,434337,256441979.0,4.39,-2.68,-0.11,4.51
2020-11-16,600740,4.01,4.18,4.29,3.97,598346,367031456.0,8.02,4.76,0.19,6.21
2020-11-17,600740,4.13,4.02,4.28,3.97,634359,387518048.0,7.42,-3.83,-0.16,6.59
2020-11-18,600740,3.99,4.11,4.21,3.99,529384,322647136.0,5.47,2.24,0.09,5.5
2020-11-19,600740,4.09,4.0,4.16,3.93,405480,241584867.0,5.6,-2.68,-0.11,4.21
2020-11-20,600740,3.96,4.15,4.2,3.86,576963,345075168.0,8.5,3.75,0.15,5.99
2020-11-23,600740,4.27,4.42,4.54,4.16,1000906,642978416.0,9.16,6.51,0.27,10.39
2020-11-24,600740,4.36,4.4,4.46,4.28,631078,403526688.0,4.07,-0.45,-0.02,6.55
2020-11-25,600740,4.38,4.3,4.44,4.23,652909,415892784.0,4.77,-2.27,-0.1,6.78
2020-11-26,600740,4.26,4.16,4.33,4.13,445752,278308960.0,4.65,-3.26,-0.14,4.63
2020-11-27,600740,4.2,4.23,4.33,4.13,397352,247408324.0,4.81,1.68,0.07,4.13
2020-11-30,600740,4.25,4.2,4.37,4.17,495124,311830736.0,4.73,-0.71,-0.03,5.14
2020-12-01,600740,4.2,4.27,4.32,4.14,457207,285014256.0,4.29,1.67,0.07,4.75
2020-12-02,600740,4.27,4.46,4.46,4.2,706232,448718032.0,6.09,4.45,0.19,7.33
2020-12-03,600740,4.39,4.14,4.39,4.13,607890,380752512.0,5.83,-7.17,-0.32,6.31
2020-12-04,600740,4.12,4.05,4.14,3.98,329654,197521825.0,3.86,-2.17,-0.09,3.42
2020-12-07,600740,4.06,4.06,4.12,4.03,225979,136627943.0,2.22,0.25,0.01,2.35
2020-12-08,600740,4.01,3.96,4.1,3.95,233293,138484099.0,3.69,-2.46,-0.1,2.42
2020-12-09,600740,4.0,4.17,4.27,4.0,650608,399669488.0,6.82,5.3,0.21,6.76
2020-12-10,600740,4.18,4.06,4.26,4.02,473387,287655776.0,5.76,-2.64,-0.11,4.92
2020-12-11,600740,4.15,3.99,4.26,3.96,384859,233504376.0,7.39,-1.72,-0.07,4.0
2020-12-14,600740,3.86,3.63,3.87,3.54,479951,262593399.0,8.27,-9.02,-0.36,4.98
2020-12-15,600740,3.63,3.62,3.63,3.55,177003,95805124.0,2.2,-0.28,-0.01,1.84
2020-12-16,600740,3.62,3.6,3.68,3.58,173646,94618425.0,2.76,-0.55,-0.02,1.8
2020-12-17,600740,3.61,3.77,3.82,3.54,299322,165941330.0,7.78,4.72,0.17,3.11
2020-12-18,600740,3.89,4.06,4.1,3.85,601876,357516896.0,6.63,7.69,0.29,6.25
2020-12-21,600740,4.16,4.35,4.39,4.09,772349,486652752.0,7.39,7.14,0.29,8.02
2020-12-22,600740,4.3,4.07,4.32,4.03,563271,348409664.0,6.67,-6.44,-0.28,5.85
2020-12-23,600740,4.06,4.12,4.22,4.03,382621,234564469.0,4.67,1.23,0.05,3.97
2020-12-24,600740,4.18,4.1,4.23,4.01,318588,193131547.0,5.34,-0.49,-0.02,3.31
2020-12-25,600740,4.12,4.24,4.3,3.96,450113,277494192.0,8.29,3.41,0.14,4.67
2020-12-28,600740,4.27,4.25,4.33,4.13,459163,287573296.0,4.72,0.24,0.01,4.77
2020-12-29,600740,4.21,3.94,4.22,3.94,404929,242575669.0,6.59,-7.29,-0.31,4.21
2020-12-30,600740,3.97,4.05,4.17,3.94,336277,202542405.0,5.84,2.79,0.11,3.49
2020-12-31,600740,4.07,3.96,4.1,3.9,353152,209120562.0,4.94,-2.22,-0.09,3.67
2021-01-04,600740,4.0,4.41,4.41,3.96,596152,377295712.0,11.36,11.36,0.45,6.19
2021-01-05,600740,4.54,4.56,4.66,4.43,1073515,713473056.0,5.22,3.4,0.15,11.15
2021-01-06,600740,4.51,4.5,4.62,4.32,700567,458686608.0,6.58,-1.32,-0.06,7.28
2021-01-07,600740,4.46,4.73,4.87,4.4,968017,661467936.0,10.44,5.11,0.23,10.05
2021-01-08,600740,4.66,4.59,4.7,4.43,529102,353130432.0,5.71,-2.96,-0.14,5.49
2021-01-11,600740,4.45,4.2,4.47,4.16,510036,320863776.0,6.75,-8.5,-0.39,5.3
2021-01-12,600740,4.16,4.2,4.26,4.11,329801,203337630.0,3.57,0.0,0.0,3.42
2021-01-13,600740,4.2,4.03,4.2,4.01,366523,221665949.0,4.52,-4.05,-0.17,3.81
2021-01-14,600740,4.03,3.8,4.04,3.78,330780,191045004.0,6.45,-5.71,-0.23,3.44
2021-01-15,600740,3.86,4.01,4.06,3.86,353505,209219665.0,5.26,5.53,0.21,3.67
2021-01-18,600740,3.9,4.16,4.21,3.89,432406,261558768.0,7.98,3.74,0.15,4.49
2021-01-19,600740,4.09,4.04,4.23,4.03,285934,174658149.0,4.81,-2.88,-0.12,2.97
2021-01-20,600740,4.08,4.09,4.1,3.93,250040,148555675.0,4.21,1.24,0.05,2.6
2021-01-21,600740,4.11,4.56,4.56,4.1,550945,355656624.0,11.25,11.49,0.47,5.72
2021-01-22,600740,4.63,4.63,4.83,4.52,1150743,784614544.0,6.8,1.54,0.07,11.95
2021-01-25,600740,4.6,4.74,4.81,4.5,663882,453927632.0,6.7,2.38,0.11,6.89
2021-01-26,600740,4.67,4.83,5.09,4.63,785131,557376096.0,9.7,1.9,0.09,8.15
2021-01-27,600740,4.8,4.61,4.91,4.55,674750,460038432.0,7.45,-4.55,-0.22,7.01
2021-01-28,600740,4.43,4.48,4.76,4.4,572173,383389824.0,7.81,-2.82,-0.13,5.94
2021-01-29,600740,4.48,4.26,4.9,4.23,652631,431839248.0,14.96,-4.91,-0.22,6.78
2021-02-01,600740,4.29,4.74,4.74,4.2,388027,260859601.0,12.68,11.27,0.48,4.03
2021-02-02,600740,4.93,4.53,4.93,4.31,1051157,699423504.0,13.08,-4.43,-0.21,10.92
2021-02-03,600740,4.36,4.16,4.4,4.14,774409,484739312.0,5.74,-8.17,-0.37,8.04
2021-02-04,600740,4.09,4.27,4.36,4.06,672287,419164400.0,7.21,2.64,0.11,6.98
2021-02-05,600740,4.18,3.79,4.2,3.79,704509,413069696.0,9.6,-11.24,-0.48,7.32
2021-02-08,600740,3.7,3.83,3.9,3.64,365721,207221607.0,6.86,1.06,0.04,3.8
2021-02-09,600740,3.86,4.05,4.19,3.8,517673,310188032.0,10.18,5.74,0.22,5.38
2021-02-10,600740,4.1,3.89,4.13,3.85,471128,276032096.0,6.91,-3.95,-0.16,4.89
2021-02-18,600740,4.08,4.31,4.33,4.01,710255,438280048.0,8.23,10.8,0.42,7.38
2021-02-19,600740,4.21,4.56,4.72,4.18,952809,612945632.0,12.53,5.8,0.25,9.89
2021-02-22,600740,4.55,4.85,5.08,4.5,1680456,1196241344.0,12.72,6.36,0.29,17.45
2021-02-23,600740,4.74,4.7,4.83,4.61,887813,612154096.0,4.54,-3.09,-0.15,9.22
2021-02-24,600740,4.66,4.56,4.73,4.43,710207,473086736.0,6.38,-2.98,-0.14,7.38
2021-02-25,600740,4.66,4.36,4.72,4.33,692277,456833152.0,8.55,-4.39,-0.2,7.19
2021-02-26,600740,4.24,4.01,4.32,4.0,772599,471629952.0,7.34,-8.03,-0.35,8.02
2021-03-01,600740,4.06,4.23,4.29,4.02,655900,406379840.0,6.73,5.49,0.22,6.81
2021-03-02,600740,4.26,4.72,4.72,4.26,1046582,712666736.0,10.87,11.58,0.49,10.87
2021-03-03,600740,4.87,5.25,5.25,4.79,1996684,1465280800.0,9.75,11.23,0.53,20.74
2021-03-04,600740,5.3,5.23,5.53,5.09,2081414,1590783056.0,8.38,-0.38,-0.02,21.62
2021-03-05,600740,5.08,4.69,5.14,4.66,1354785,953752480.0,9.18,-10.33,-0.54,14.07
2021-03-08,600740,4.86,4.62,5.15,4.62,1234373,873195680.0,11.3,-1.49,-0.07,12.82
2021-03-09,600740,4.63,4.49,4.74,4.31,1032411,683235440.0,9.31,-2.81,-0.13,10.72
2021-03-10,600740,4.49,4.92,4.93,4.39,1704579,1169536512.0,12.03,9.58,0.43,17.7
2021-03-11,600740,4.78,4.9,4.91,4.55,1403105,973533856.0,7.32,-0.41,-0.02,14.57
2021-03-12,600740,4.83,4.73,4.95,4.6,1122958,773991248.0,7.14,-3.47,-0.17,11.66
2021-03-15,600740,4.62,5.02,5.03,4.58,1268923,887305248.0,9.51,6.13,0.29,13.18
2021-03-16,600740,4.92,4.87,5.05,4.71,1051084,740939712.0,6.77,-2.99,-0.15,10.92
2021-03-17,600740,4.84,4.82,4.84,4.63,726054,501684448.0,4.31,-1.03,-0.05,7.54
2021-03-18,600740,4.77,4.76,4.83,4.66,607712,419403200.0,3.53,-1.24,-0.06,6.31
2021-03-19,600740,4.62,4.51,4.75,4.5,633052,427493136.0,5.25,-5.25,-0.25,6.57
2021-03-22,600740,4.43,4.61,4.61,4.31,564293,370276944.0,6.65,2.22,0.1,5.86
2021-03-23,600740,4.58,4.25,4.58,4.2,721769,460886288.0,8.24,-7.81,-0.36,7.5
2021-03-24,600740,4.12,4.17,4.21,4.05,455171,278323520.0,3.76,-1.88,-0.08,4.73
2021-03-25,600740,4.12,4.25,4.35,4.1,430216,269910112.0,6.0,1.92,0.08,4.47
2021-03-26,600740,4.22,4.2,4.23,4.13,326245,201806513.0,2.35,-1.18,-0.05,3.39
2021-03-29,600740,4.26,4.34,4.38,4.21,482031,306210448.0,4.05,3.33,0.14,5.01
2021-03-30,600740,4.25,4.19,4.26,4.12,379509,233961358.0,3.23,-3.46,-0.15,1.93
2021-03-31,600740,4.16,4.2,4.24,4.13,218366,135042097.0,2.63,0.24,0.01,1.11
2021-04-01,600740,4.16,4.23,4.26,4.0,482557,294079744.0,6.19,0.71,0.03,2.45
2021-04-02,600740,4.2,4.09,4.2,4.08,292190,178485987.0,2.84,-3.31,-0.14,1.48
2021-04-06,600740,4.1,4.13,4.19,4.06,199992,122415210.0,3.18,0.98,0.04,1.01
2021-04-07,600740,4.13,4.3,4.3,4.1,436375,271698272.0,4.84,4.12,0.17,2.21
2021-04-08,600740,4.35,4.26,4.4,4.18,460376,290788272.0,5.12,-0.93,-0.04,2.34
2021-04-09,600740,4.22,4.24,4.33,4.2,306393,192449793.0,3.05,-0.47,-0.02,1.55
2021-04-12,600740,4.25,4.13,4.27,4.1,299742,184639460.0,4.01,-2.59,-0.11,1.52
2021-04-13,600740,4.1,4.03,4.13,4.0,253098,152062955.0,3.15,-2.42,-0.1,1.28
2021-04-14,600740,4.03,4.18,4.19,4.03,277901,169915351.0,3.97,3.72,0.15,1.41
2021-04-15,600740,4.16,4.14,4.22,4.06,231304,141699387.0,3.83,-0.96,-0.04,1.17
2021-04-16,600740,4.15,4.25,4.3,4.12,425011,266262239.0,4.35,2.66,0.11,2.16
2021-04-19,600740,4.23,4.3,4.4,4.22,538727,343522256.0,4.24,1.18,0.05,2.73
2021-04-20,600740,4.34,4.33,4.4,4.3,456430,291825216.0,2.33,0.7,0.03,2.32
2021-04-21,600740,4.3,4.35,4.36,4.24,392713,249721844.0,2.77,0.46,0.02,1.99
2021-04-22,600740,4.43,4.61,4.77,4.43,832937,559804768.0,7.82,5.98,0.26,4.23
2021-04-23,600740,4.5,4.47,4.53,4.37,555143,362957200.0,3.47,-3.04,-0.14,2.82
2021-04-26,600740,4.52,4.65,4.7,4.46,704141,472542720.0,5.37,4.03,0.18,3.57
2021-04-27,600740,4.45,4.43,4.46,4.23,575271,369709808.0,4.95,-4.73,-0.22,2.92
2021-04-28,600740,4.36,4.55,4.61,4.34,619403,410333456.0,6.09,2.71,0.12,3.14
2021-04-29,600740,4.5,4.56,4.66,4.45,492413,328160288.0,4.62,0.22,0.01,2.5
2021-04-30,600740,4.5,4.38,4.53,4.33,459082,296621792.0,4.39,-3.95,-0.18,2.33
2021-05-06,600740,4.48,4.63,4.69,4.46,808355,543790896.0,5.25,5.71,0.25,4.1
2021-05-07,600740,4.7,4.86,5.02,4.61,1211251,849635472.0,8.86,4.97,0.23,6.15
2021-05-10,600740,5.08,5.37,5.39,4.96,1332376,995118880.0,8.85,10.49,0.51,6.76
2021-05-11,600740,5.12,5.03,5.12,4.78,1100884,789902464.0,6.33,-6.33,-0.34,5.59
2021-05-12,600740,4.95,5.1,5.16,4.9,653762,479992704.0,5.17,1.39,0.07,3.32
2021-05-13,600740,4.96,4.75,5.01,4.68,760188,533016736.0,6.47,-6.86,-0.35,3.86
2021-05-14,600740,4.73,4.67,4.8,4.61,521686,356433264.0,4.0,-1.68,-0.08,2.65
2021-05-17,600740,4.66,4.66,4.75,4.6,388653,265169478.0,3.21,-0.21,-0.01,1.97
2021-05-18,600740,4.7,4.73,4.76,4.66,354134,243349312.0,2.15,1.5,0.07,1.8
2021-05-19,600740,4.63,4.65,4.66,4.53,357448,239998488.0,2.75,-1.69,-0.08,1.81
2021-05-20,600740,4.4,4.36,4.41,4.26,525541,335508176.0,3.23,-6.24,-0.29,2.67
2021-05-21,600740,4.33,4.4,4.47,4.3,323427,209427376.0,3.9,0.92,0.04,1.64
2021-05-24,600740,4.43,4.44,4.5,4.4,240337,156884699.0,2.27,0.91,0.04,1.22
2021-05-25,600740,4.45,4.58,4.61,4.4,374738,248714819.0,4.73,3.15,0.14,1.9
2021-05-26,600740,4.56,4.56,4.61,4.51,297960,198985732.0,2.18,-0.44,-0.02,1.51
2021-05-27,600740,4.61,4.62,4.66,4.59,406160,274179264.0,1.54,1.32,0.06,2.06
2021-05-28,600740,4.65,4.59,4.7,4.58,304628,153881509.0,2.6,-0.65,-0.03,1.19
2021-05-31,600740,4.61,4.54,4.63,4.51,357870,177608573.0,2.61,-1.09,-0.05,1.4
2021-06-01,600740,4.52,4.73,4.74,4.41,710767,357492208.0,7.27,4.19,0.19,2.77
2021-06-02,600740,4.74,4.77,4.84,4.67,798654,413951264.0,3.59,0.85,0.04,3.12
2021-06-03,600740,4.75,4.81,4.96,4.73,930615,491185264.0,4.82,0.84,0.04,3.63
2021-06-04,600740,4.66,4.65,4.7,4.56,584239,294590288.0,2.91,-3.33,-0.16,2.28
2021-06-07,600740,4.65,4.73,4.82,4.63,647107,333848032.0,4.09,1.72,0.08,2.53
2021-06-08,600740,4.68,4.72,4.84,4.65,433892,224046559.0,4.02,-0.21,-0.01,1.69
2021-06-09,600740,4.76,4.93,5.03,4.68,1081484,575531264.0,7.42,4.45,0.21,4.22
2021-06-10,600740,4.9,4.9,4.99,4.81,675713,359148464.0,3.65,-0.61,-0.03,2.64
2021-06-11,600740,4.94,4.96,5.02,4.86,655980,352157104.0,3.27,1.22,0.06,2.56
2021-06-15,600740,4.97,4.91,5.03,4.75,645462,341198560.0,5.65,-1.01,-0.05,2.52
2021-06-16,600740,4.87,4.8,5.0,4.78,580294,308104672.0,4.48,-2.24,-0.11,2.26
2021-06-17,600740,4.72,4.9,5.01,4.69,697110,371064416.0,6.67,2.08,0.1,2.72
2021-06-18,600740,4.96,4.82,4.97,4.79,554729,292463136.0,3.67,-1.63,-0.08,2.17
2021-06-21,600740,4.73,4.65,4.74,4.6,563357,286425760.0,2.9,-3.53,-0.17,2.2
2021-06-22,600740,4.66,4.67,4.7,4.56,499978,252615764.0,3.01,0.43,0.02,1.95
2021-06-23,600740,4.68,4.92,4.99,4.6,1146026,602001776.0,8.35,5.35,0.25,4.47
2021-06-24,600740,4.89,4.92,5.05,4.86,1048930,563645440.0,3.86,0.0,0.0,4.09
2021-06-25,600740,5.06,5.12,5.23,4.98,1252336,690628256.0,5.08,4.07,0.2,4.89
2021-06-28,600740,4.99,4.69,4.99,4.67,1319538,683195728.0,6.25,-8.4,-0.43,5.15
2021-06-29,600740,4.64,4.63,4.72,4.59,615038,311714560.0,2.77,-1.28,-0.06,2.4
2021-06-30,600740,4.64,4.66,4.69,4.61,436874,221364699.0,1.73,0.65,0.03,1.71
2021-07-01,600740,4.66,4.51,4.67,4.49,502519,250988481.0,3.86,-3.22,-0.15,1.96
2021-07-02,600740,4.48,4.51,4.53,4.46,234352,115206410.0,1.55,0.0,0.0,0.91
2021-07-05,600740,4.51,4.61,4.61,4.5,303581,151266192.0,2.44,2.22,0.1,1.18
2021-07-06,600740,4.63,4.58,4.64,4.52,287188,143095399.0,2.6,-0.65,-0.03,1.12
2021-07-07,600740,4.52,4.58,4.58,4.48,270222,133452495.0,2.18,0.0,0.0,1.05
2021-07-08,600740,4.53,4.39,4.55,4.38,449354,218267734.0,3.71,-4.15,-0.19,1.75
2021-07-09,600740,4.4,4.47,4.5,4.39,326150,158948865.0,2.51,1.82,0.08,1.27
2021-07-12,600740,4.5,4.53,4.58,4.48,344569,170706654.0,2.24,1.34,0.06,1.34
2021-07-13,600740,4.5,4.6,4.62,4.45,425239,211204094.0,3.75,1.55,0.07,1.66
2021-07-14,600740,4.6,4.6,4.69,4.57,487588,245725743.0,2.61,0.0,0.0,1.9
2021-07-15,600740,4.58,4.58,4.6,4.46,379773,187925924.0,3.04,-0.43,-0.02,1.48
2021-07-16,600740,4.54,4.71,4.74,4.53,816476,416760272.0,4.59,2.84,0.13,3.19
2021-07-19,600740,4.77,4.57,4.77,4.54,560689,282719520.0,4.88,-2.97,-0.14,2.19
2021-07-20,600740,4.46,4.61,4.62,4.42,395448,195478943.0,4.38,0.88,0.04,1.54
2021-07-21,600740,4.59,4.53,4.61,4.51,344831,171048242.0,2.17,-1.74,-0.08,1.35
2021-07-22,600740,4.53,4.57,4.6,4.48,382474,189991559.0,2.65,0.88,0.04,1.49
2021-07-23,600740,4.56,4.64,4.78,4.55,907788,464650176.0,5.03,1.53,0.07,3.54
2021-07-26,600740,4.73,4.58,4.75,4.47,656279,330279488.0,6.03,-1.29,-0.06,2.56
2021-07-27,600740,4.6,4.54,4.76,4.53,732972,371593920.0,5.02,-0.87,-0.04,2.86
2021-07-28,600740,4.48,4.27,4.55,4.14,657647,310136384.0,9.03,-5.95,-0.27,2.57
2021-07-29,600740,4.33,4.36,4.36,4.24,388097,183574004.0,2.81,2.11,0.09,1.51
2021-07-30,600740,4.44,4.49,4.61,4.38,656230,321498464.0,5.28,2.98,0.13,2.56
2021-08-02,600740,4.33,4.42,4.44,4.21,517156,244358507.0,5.12,-1.56,-0.07,2.02
2021-08-03,600740,4.4,4.23,4.42,4.21,432670,203936528.0,4.75,-4.3,-0.19,1.69
2021-08-04,600740,4.26,4.35,4.36,4.25,394477,186540274.0,2.6,2.84,0.12,1.54
2021-08-05,600740,4.33,4.36,4.46,4.3,422568,203157103.0,3.68,0.23,0.01,1.65
2021-08-06,600740,4.35,4.49,4.51,4.32,682771,332781328.0,4.36,2.98,0.13,2.66
2021-08-09,600740,4.56,4.5,4.6,4.4,468271,229052995.0,4.45,0.22,0.01,1.83
2021-08-10,600740,4.49,4.67,4.72,4.45,837690,421701696.0,6.0,3.78,0.17,3.27
2021-08-11,600740,4.7,4.88,4.92,4.65,1354027,706299872.0,5.78,4.5,0.21,5.28
2021-08-12,600740,4.83,4.86,4.92,4.78,869404,458302960.0,2.87,-0.41,-0.02,3.39
2021-08-13,600740,4.86,4.97,5.06,4.81,899685,485091968.0,5.14,2.26,0.11,3.51
2021-08-16,600740,5.05,5.0,5.12,4.92,845095,459546464.0,4.02,0.6,0.03,3.3
2021-08-17,600740,4.97,4.94,5.16,4.89,895242,486500128.0,5.4,-1.2,-0.06,3.49
2021-08-18,600740,4.95,4.96,5.03,4.86,763376,409663968.0,3.44,0.4,0.02,2.98
2021-08-19,600740,4.91,4.92,4.97,4.74,620538,327569552.0,4.64,-0.81,-0.04,2.42
2021-08-20,600740,4.88,4.97,5.05,4.81,644684,345070784.0,4.88,1.02,0.05,2.52
2021-08-23,600740,5.19,5.22,5.33,5.14,1113093,627723280.0,3.82,5.03,0.25,4.34
2021-08-24,600740,5.68,5.78,5.78,5.61,2417519,1493177024.0,3.26,10.73,0.56,9.44
2021-08-25,600740,5.79,6.23,6.34,5.72,3261063,2116966448.0,10.73,7.79,0.45,12.73
2021-08-26,600740,6.38,6.51,6.88,6.37,2337708,1634847936.0,8.19,4.49,0.28,9.12
2021-08-27,600740,6.46,6.78,6.94,6.28,1904277,1352542144.0,10.14,4.15,0.27,7.43
2021-08-30,600740,6.8,6.88,7.11,6.66,1608474,1175978976.0,6.64,1.47,0.1,6.28
2021-08-31,600740,6.94,7.24,7.46,6.88,1779407,1344343440.0,8.43,5.23,0.36,6.95
2021-09-01,600740,7.35,7.07,7.51,6.83,1846543,1392925808.0,9.39,-2.35,-0.17,7.21
2021-09-02,600740,7.07,7.82,7.82,7.07,1326430,1049304944.0,10.61,10.61,0.75,5.18
2021-09-03,600740,7.9,7.84,8.16,7.58,1811703,1496930336.0,7.42,0.26,0.02,7.07
2021-09-06,600740,8.02,8.13,8.55,7.91,1726806,1485775008.0,8.16,3.7,0.29,6.74
2021-09-07,600740,8.23,8.99,8.99,8.04,1457811,1314857344.0,11.69,10.58,0.86,5.69
2021-09-08,600740,8.99,9.93,9.93,8.86,1229186,1227802128.0,11.9,10.46,0.94,4.8
2021-09-09,600740,10.78,10.97,10.97,9.98,1828193,2017077440.0,9.97,10.47,1.04,7.14
2021-09-10,600740,10.86,11.08,11.71,10.29,2668033,3072018352.0,12.94,1.0,0.11,10.41
2021-09-13,600740,10.98,11.08,11.8,10.84,2510012,2927729744.0,8.66,0.0,0.0,9.8
2021-09-14,600740,10.78,10.34,10.96,10.18,2642112,2893167088.0,7.04,-6.68,-0.74,10.31
2021-09-15,600740,10.5,10.3,10.69,10.06,2005587,2155358560.0,6.09,-0.39,-0.04,7.83
2021-09-16,600740,10.63,9.74,10.73,9.72,2375874,2517041328.0,9.81,-5.44,-0.56,9.27
2021-09-17,600740,9.61,9.46,10.02,9.1,1705889,1692206464.0,9.45,-2.87,-0.28,6.66
2021-09-22,600740,9.58,9.82,9.85,9.19,1754801,1754194560.0,6.98,3.81,0.36,6.85
2021-09-23,600740,9.92,9.51,9.93,9.31,1547667,1545349616.0,6.31,-3.16,-0.31,6.04
2021-09-24,600740,9.31,9.07,9.53,8.97,1416332,1362106144.0,5.89,-4.63,-0.44,5.53
2021-09-27,600740,9.02,8.66,9.25,8.57,1226663,1139399312.0,7.5,-4.52,-0.41,4.79
2021-09-28,600740,8.62,8.61,8.85,8.44,1113925,1008818768.0,4.73,-0.58,-0.05,4.35
2021-09-29,600740,8.61,7.81,8.75,7.77,1311068,1119426048.0,11.38,-9.29,-0.8,5.12
2021-09-30,600740,7.99,8.13,8.21,7.79,1062855,901424976.0,5.38,4.1,0.32,4.15
2021-10-08,600740,8.33,7.89,8.42,7.65,981957,812404144.0,9.47,-2.95,-0.24,3.83
2021-10-11,600740,8.09,7.88,8.11,7.63,819930,679210944.0,6.08,-0.13,-0.01,3.2
2021-10-12,600740,7.92,7.49,8.0,7.31,1119027,896185504.0,8.76,-4.95,-0.39,4.37
2021-10-13,600740,7.58,7.38,7.62,7.14,756778,585054464.0,6.41,-1.47,-0.11,2.95
2021-10-14,600740,7.21,7.39,7.54,7.18,740303,577883120.0,4.88,0.14,0.01,2.89
2021-10-15,600740,7.45,7.54,7.66,7.2,1183653,937423520.0,6.22,2.03,0.15,4.62
2021-10-18,600740,7.57,7.84,8.04,7.37,1735371,1417890496.0,8.89,3.98,0.3,6.77
2021-10-19,600740,7.87,7.68,7.96,7.66,1214150,995119552.0,3.83,-2.04,-0.16,4.74
2021-10-20,600740,6.87,7.31,7.44,6.87,1581023,1188654528.0,7.42,-4.82,-0.37,6.17
2021-10-21,600740,7.4,7.91,8.08,7.22,1930781,1606676448.0,11.76,8.21,0.6,7.54
2021-10-22,600740,7.76,7.34,7.89,7.22,1580923,1248149088.0,8.47,-7.21,-0.57,6.17
2021-10-25,600740,7.35,7.67,7.88,7.31,1313087,1062184288.0,7.77,4.5,0.33,5.12
2021-10-26,600740,7.42,7.26,7.55,7.22,1487504,1151251632.0,4.3,-5.35,-0.41,5.81
2021-10-27,600740,7.05,6.98,7.16,6.85,1181954,876763968.0,4.27,-3.86,-0.28,4.61
2021-10-28,600740,6.73,6.42,6.83,6.24,1482398,1014068160.0,8.45,-8.02,-0.56,5.79
2021-10-29,600740,6.49,6.43,6.51,6.31,828482,563976096.0,3.12,0.16,0.01,3.23
2021-11-01,600740,6.36,6.54,6.65,6.29,804583,560609808.0,5.6,1.71,0.11,3.14
2021-11-02,600740,6.67,6.36,6.72,6.15,828587,564647760.0,8.72,-2.75,-0.18,3.23
2021-11-03,600740,6.43,6.56,6.78,6.35,1241966,865868944.0,6.76,3.14,0.2,4.85
2021-11-04,600740,6.43,6.35,6.47,6.26,995425,675350928.0,3.2,-3.2,-0.21,3.89
2021-11-05,600740,6.26,6.09,6.27,6.04,739406,485163024.0,3.62,-4.09,-0.26,2.89
2021-11-08,600740,6.16,6.11,6.21,6.08,570759,374047088.0,2.13,0.33,0.02,2.23
2021-11-09,600740,6.08,6.12,6.12,5.95,658347,424863088.0,2.78,0.16,0.01,2.57
2021-11-10,600740,6.01,6.07,6.07,5.82,673800,428911376.0,4.08,-0.82,-0.05,2.63
2021-11-11,600740,6.16,6.19,6.25,6.06,910682,598528944.0,3.13,1.98,0.12,3.55
2021-11-12,600740,6.1,5.94,6.12,5.92,775329,498092576.0,3.23,-4.04,-0.25,3.03
2021-11-15,600740,5.78,5.91,5.98,5.74,596523,376456160.0,4.04,-0.51,-0.03,2.33
2021-11-16,600740,5.93,5.76,5.94,5.74,473460,295503200.0,3.38,-2.54,-0.15,1.85
2021-11-17,600740,5.78,5.88,5.89,5.75,442227,276987392.0,2.43,2.08,0.12,1.73
2021-11-18,600740,6.0,5.85,6.06,5.84,777843,494876144.0,3.74,-0.51,-0.03,3.04
2021-11-19,600740,5.8,5.99,5.99,5.71,841271,530070352.0,4.79,2.39,0.14,3.28
2021-11-22,600740,6.05,5.96,6.08,5.91,642406,409962928.0,2.84,-0.5,-0.03,2.51
2021-11-23,600740,5.94,5.97,6.12,5.89,913615,588809168.0,3.86,0.17,0.01,3.57
2021-11-24,600740,6.07,6.16,6.21,5.96,1370625,892377344.0,4.19,3.18,0.19,5.35
2021-11-25,600740,6.18,5.92,6.19,5.89,1149895,738411152.0,4.87,-3.9,-0.24,4.49
2021-11-26,600740,5.81,5.75,5.87,5.72,726340,450302320.0,2.53,-2.87,-0.17,2.83
2021-11-29,600740,5.6,5.65,5.7,5.53,501482,302870448.0,2.96,-1.74,-0.1,1.96
2021-11-30,600740,5.69,5.67,5.76,5.6,439116,268061420.0,2.83,0.35,0.02,1.71
2021-12-01,600740,5.66,5.83,5.84,5.63,649184,401891200.0,3.7,2.82,0.16,2.53
2021-12-02,600740,5.79,5.79,5.86,5.73,524561,326289504.0,2.23,-0.69,-0.04,2.05
2021-12-03,600740,5.75,5.99,6.05,5.67,1159489,734132688.0,6.56,3.45,0.2,4.53
2021-12-06,600740,5.91,6.01,6.19,5.9,1248093,807899152.0,4.84,0.33,0.02,4.87
2021-12-07,600740,6.1,6.1,6.14,5.88,890685,574703952.0,4.33,1.5,0.09,3.48
2021-12-08,600740,6.08,6.06,6.12,5.99,609695,393228256.0,2.13,-0.66,-0.04,2.38
2021-12-09,600740,6.05,6.02,6.06,5.98,579039,372680176.0,1.32,-0.66,-0.04,2.26
2021-12-10,600740,6.02,5.94,6.08,5.93,533101,341518976.0,2.49,-1.33,-0.08,2.08
2021-12-13,600740,5.96,6.1,6.16,5.95,921009,597336864.0,3.54,2.69,0.16,3.59
2021-12-14,600740,6.11,5.87,6.11,5.86,752400,478651472.0,4.1,-3.77,-0.23,2.94
2021-12-15,600740,5.87,6.08,6.21,5.86,1287421,838794992.0,5.96,3.58,0.21,5.02
2021-12-16,600740,6.08,6.44,6.45,6.05,2004822,1350255264.0,6.58,5.92,0.36,7.82
2021-12-17,600740,6.49,6.24,6.49,6.23,1384598,932901392.0,4.04,-3.11,-0.2,5.4
2021-12-20,600740,6.24,5.97,6.26,5.96,871944,564220208.0,4.81,-4.33,-0.27,3.4
2021-12-21,600740,5.93,6.03,6.06,5.85,562976,359912512.0,3.52,1.01,0.06,2.2
2021-12-22,600740,6.02,6.05,6.12,5.96,499485,321904480.0,2.65,0.33,0.02,1.95
2021-12-23,600740,6.03,6.18,6.23,5.99,887969,581869744.0,3.97,2.15,0.13,3.47
2021-12-24,600740,6.16,5.98,6.18,5.98,606252,392109888.0,3.24,-3.24,-0.2,2.37
2021-12-27,600740,5.93,5.95,6.05,5.91,373848,239002938.0,2.34,-0.5,-0.03,1.46
2021-12-28,600740,5.91,5.79,5.93,5.73,637193,396270320.0,3.36,-2.69,-0.16,2.49
2021-12-29,600740,5.77,5.78,5.87,5.75,285012,177492985.0,2.07,-0.17,-0.01,1.11
2021-12-30,600740,5.78,5.82,5.87,5.74,307250,190878418.0,2.25,0.69,0.04,1.2
2021-12-31,600740,5.79,5.79,5.82,5.76,277479,172280024.0,1.03,-0.52,-0.03,1.08
2022-01-04,600740,5.91,5.93,6.0,5.88,644099,409499968.0,2.07,2.42,0.14,2.51
2022-01-05,600740,5.91,5.82,5.91,5.79,429264,268719024.0,2.02,-1.85,-0.11,1.68
2022-01-06,600740,5.79,5.86,5.89,5.78,268276,168358177.0,1.89,0.69,0.04,1.05
2022-01-07,600740,5.83,5.93,5.98,5.81,545315,344936080.0,2.9,1.19,0.07,2.13
2022-01-10,600740,5.94,6.01,6.02,5.9,548454,350267680.0,2.02,1.35,0.08,2.14
2022-01-11,600740,5.93,6.02,6.06,5.93,566611,363531712.0,2.16,0.17,0.01,2.21
2022-01-12,600740,6.03,6.02,6.05,5.93,398574,255626470.0,1.99,0.0,0.0,1.56
2022-01-13,600740,6.05,6.08,6.25,6.03,1169909,767937680.0,3.65,1.0,0.06,4.57
2022-01-14,600740,5.98,5.84,6.02,5.81,745128,468420208.0,3.45,-3.95,-0.24,2.91
2022-01-17,600740,5.84,5.89,5.91,5.8,368469,231564427.0,1.88,0.86,0.05,1.44
2022-01-18,600740,5.88,5.97,6.0,5.82,524318,332655056.0,3.06,1.36,0.08,2.05
2022-01-19,600740,6.01,5.96,6.11,5.91,611016,393255424.0,3.35,-0.17,-0.01,2.38
2022-01-20,600740,5.87,5.88,5.96,5.81,399763,251886386.0,2.52,-1.34,-0.08,1.56
2022-01-21,600740,5.91,6.13,6.17,5.89,1135640,732958320.0,4.76,4.25,0.25,4.43
2022-01-24,600740,6.11,6.06,6.11,5.93,608619,390834576.0,2.94,-1.14,-0.07,2.38
2022-01-25,600740,5.98,5.6,6.0,5.57,800685,495107008.0,7.1,-7.59,-0.46,3.13
2022-01-26,600740,5.18,5.11,5.28,5.0,985589,544230496.0,5.0,-8.75,-0.49,3.85
2022-01-27,600740,5.08,4.83,5.16,4.82,556929,300319584.0,6.65,-5.48,-0.28,2.17
2022-01-28,600740,4.83,4.78,4.88,4.64,420751,217275931.0,4.97,-1.04,-0.05,1.64
2022-02-07,600740,4.85,4.93,4.96,4.8,362353,192790207.0,3.35,3.14,0.15,1.41
2022-02-08,600740,5.03,5.25,5.29,5.02,771762,429911200.0,5.48,6.49,0.32,3.01
2022-02-09,600740,5.17,5.24,5.35,5.08,605889,343568688.0,5.14,-0.19,-0.01,2.36
2022-02-10,600740,5.13,5.36,5.37,5.1,567990,323273200.0,5.15,2.29,0.12,2.22
2022-02-11,600740,5.37,5.38,5.52,5.31,691661,403611776.0,3.92,0.37,0.02,2.7
2022-02-14,600740,5.36,5.29,5.43,5.24,493205,283398032.0,3.53,-1.67,-0.09,1.92
2022-02-15,600740,5.24,5.25,5.28,5.18,313441,177225800.0,1.89,-0.76,-0.04,1.22
2022-02-16,600740,5.25,5.39,5.39,5.25,317842,182935983.0,2.67,2.67,0.14,1.24
2022-02-17,600740,5.39,5.34,5.41,5.32,251272,145090638.0,1.67,-0.93,-0.05,0.98
2022-02-18,600740,5.37,5.61,5.68,5.35,985700,589592352.0,6.18,5.06,0.27,3.85
2022-02-21,600740,5.58,5.82,5.84,5.58,877029,541366560.0,4.63,3.74,0.21,3.42
2022-02-22,600740,5.77,5.81,6.0,5.72,821618,514801712.0,4.81,-0.17,-0.01,3.21
2022-02-23,600740,5.89,5.8,5.9,5.65,482110,297233216.0,4.3,-0.17,-0.01,1.88
2022-02-24,600740,5.75,5.55,5.77,5.45,588502,355229008.0,5.52,-4.31,-0.25,2.3
2022-02-25,600740,5.55,5.45,5.7,5.33,652716,387641120.0,6.67,-1.8,-0.1,2.55
2022-02-28,600740,5.46,5.59,5.63,5.43,373526,222063753.0,3.67,2.57,0.14,1.46
2022-03-01,600740,5.67,5.7,5.83,5.58,517348,315546064.0,4.47,1.97,0.11,2.02
2022-03-02,600740,5.74,5.8,5.89,5.72,644963,401024672.0,2.98,1.75,0.1,2.52
2022-03-03,600740,5.89,5.97,6.09,5.87,990931,636701248.0,3.79,2.93,0.17,3.87
2022-03-04,600740,5.88,5.93,6.2,5.76,1157284,740852208.0,7.37,-0.67,-0.04,4.52
2022-03-07,600740,6.15,6.03,6.24,5.95,1246121,809811424.0,4.89,1.69,0.1,4.86
2022-03-08,600740,5.88,5.67,6.01,5.63,827845,514675072.0,6.3,-5.97,-0.36,3.23
2022-03-09,600740,5.69,5.77,5.97,5.41,882064,544265024.0,9.88,1.76,0.1,3.44
2022-03-10,600740,5.68,5.62,5.75,5.38,833227,501522560.0,6.41,-2.6,-0.15,3.25
2022-03-11,600740,5.63,5.62,5.75,5.4,662811,398705504.0,6.23,0.0,0.0,2.59
2022-03-14,600740,5.46,5.36,5.76,5.36,700592,417733696.0,7.12,-4.63,-0.26,2.73
2022-03-15,600740,5.27,4.8,5.27,4.78,855486,460082368.0,9.14,-10.45,-0.56,3.34
2022-03-16,600740,4.84,4.93,4.94,4.64,574307,299545712.0,6.25,2.71,0.13,2.24
2022-03-17,600740,4.98,5.05,5.12,4.92,497176,270061840.0,4.06,2.43,0.12,1.94
2022-03-18,600740,5.12,5.38,5.42,5.06,851177,487390800.0,7.13,6.53,0.33,3.32
2022-03-21,600740,5.4,5.49,5.53,5.32,578811,339613856.0,3.9,2.04,0.11,2.26
2022-03-22,600740,5.5,5.63,5.67,5.42,656646,392104864.0,4.55,2.55,0.14,2.56
2022-03-23,600740,5.59,5.74,5.81,5.55,736651,452116464.0,4.62,1.95,0.11,2.88
2022-03-24,600740,5.77,5.7,5.84,5.69,528249,326217424.0,2.61,-0.7,-0.04,2.06
2022-03-25,600740,5.66,5.63,5.78,5.6,450123,274375280.0,3.16,-1.23,-0.07,1.76
2022-03-28,600740,5.68,5.71,5.81,5.57,478515,292748608.0,4.26,1.42,0.08,1.87
2022-03-29,600740,5.68,5.77,5.81,5.64,424137,261501629.0,2.98,1.05,0.06,1.66
2022-03-30,600740,5.74,5.65,5.79,5.55,599253,363485616.0,4.16,-2.08,-0.12,2.34
2022-03-31,600740,5.67,5.77,5.83,5.67,602813,372417008.0,2.83,2.12,0.12,2.35
2022-04-01,600740,5.74,5.82,5.94,5.68,627931,392752176.0,4.51,0.87,0.05,2.45
2022-04-06,600740,5.8,5.9,5.93,5.63,650195,402990864.0,5.15,1.37,0.08,2.54
2022-04-07,600740,5.81,6.08,6.47,5.8,1724125,1128190016.0,11.36,3.05,0.18,6.73
2022-04-08,600740,6.03,5.98,6.19,5.8,1266980,812393296.0,6.41,-1.64,-0.1,4.95
2022-04-11,600740,5.84,5.72,6.0,5.69,851357,532307472.0,5.18,-4.35,-0.26,3.32
2022-04-12,600740,5.96,6.05,6.23,5.89,1281295,827873248.0,5.94,5.77,0.33,5.0
2022-04-13,600740,6.04,6.44,6.58,5.99,2040951,1379401824.0,9.75,6.45,0.39,7.97
2022-04-14,600740,6.44,7.13,7.13,6.36,1803846,1302800224.0,11.96,10.71,0.69,7.04
2022-04-15,600740,7.35,7.0,7.84,6.88,3155926,2462556272.0,13.46,-1.82,-0.13,12.32
2022-04-18,600740,6.72,6.79,7.24,6.63,1865106,1366184528.0,8.71,-3.0,-0.21,7.28
2022-04-19,600740,6.86,6.89,7.03,6.66,1437758,1050799968.0,5.45,1.47,0.1,5.61
2022-04-20,600740,6.72,6.34,6.82,6.31,1459779,1015157232.0,7.4,-7.98,-0.55,5.7
2022-04-21,600740,6.38,6.22,6.65,6.17,1301637,888384288.0,7.57,-1.89,-0.12,5.08
2022-04-22,600740,6.04,6.29,6.37,5.98,885479,589702240.0,6.27,1.13,0.07,3.46
2022-04-25,600740,6.03,5.69,6.03,5.65,1135589,702504880.0,6.04,-9.54,-0.6,4.43
2022-04-26,600740,5.16,5.08,5.27,5.08,949090,524243904.0,3.34,-10.72,-0.61,3.7
2022-04-27,600740,4.68,5.08,5.25,4.54,1839943,954123184.0,13.98,0.0,0.0,7.18
2022-04-28,600740,4.94,5.07,5.27,4.84,1369046,747430528.0,8.46,-0.2,-0.01,5.34
2022-04-29,600740,5.11,5.16,5.18,4.93,1152144,633597008.0,4.93,1.78,0.09,4.5
2022-05-05,600740,5.2,5.15,5.32,5.08,812576,454287232.0,4.65,-0.19,-0.01,3.17
2022-05-06,600740,4.98,4.92,5.1,4.89,762082,412214832.0,4.08,-4.47,-0.23,2.97
2022-05-09,600740,4.84,4.89,4.95,4.8,523687,276963424.0,3.05,-0.61,-0.03,2.04
2022-05-10,600740,4.76,4.86,4.87,4.62,634064,329107552.0,5.11,-0.61,-0.03,2.47
2022-05-11,600740,4.84,4.94,5.01,4.82,688578,369563824.0,3.91,1.65,0.08,2.69
2022-05-12,600740,4.93,4.85,5.03,4.76,610791,323935904.0,5.47,-1.82,-0.09,2.38
2022-05-13,600740,4.8,4.86,4.91,4.8,470721,248653702.0,2.27,0.21,0.01,1.84
2022-05-16,600740,4.89,5.03,5.03,4.87,838942,452379696.0,3.29,3.5,0.17,3.27
2022-05-17,600740,5.03,4.99,5.08,4.91,581019,314050592.0,3.38,-0.8,-0.04,2.27
2022-05-18,600740,4.95,4.91,4.97,4.88,505740,269748496.0,1.8,-1.6,-0.08,1.97
2022-05-19,600740,4.78,4.9,4.91,4.72,433381,227095664.0,3.87,-0.2,-0.01,1.69
2022-05-20,600740,4.89,5.12,5.13,4.88,991469,540409600.0,5.1,4.49,0.22,3.87
2022-05-23,600740,5.16,5.24,5.37,5.08,977337,553044544.0,5.66,2.34,0.12,3.81
2022-05-24,600740,5.21,5.15,5.46,5.15,1238426,708541504.0,5.92,-1.72,-0.09,4.83
2022-05-25,600740,5.11,5.28,5.33,5.05,806309,454286128.0,5.44,2.52,0.13,3.15
2022-05-26,600740,5.24,5.45,5.48,5.21,1121180,648079424.0,5.11,3.22,0.17,4.38
2022-05-27,600740,5.47,5.72,5.88,5.35,1653905,997480032.0,9.72,4.95,0.27,6.46
2022-05-30,600740,5.72,5.6,5.81,5.48,1081308,649419600.0,5.77,-2.1,-0.12,4.22
2022-05-31,600740,5.58,5.46,5.58,5.37,840515,493208784.0,3.75,-2.5,-0.14,3.28
2022-06-01,600740,5.45,5.6,5.61,5.39,783213,463150080.0,4.03,2.56,0.14,3.06
2022-06-02,600740,5.53,5.46,5.53,5.39,580838,341271552.0,2.5,-2.5,-0.14,2.27
2022-06-06,600740,5.51,5.64,5.67,5.48,868019,521279824.0,3.48,3.3,0.18,3.39
2022-06-07,600740,5.62,5.58,5.68,5.53,701860,422533440.0,2.66,-1.06,-0.06,2.74
2022-06-08,600740,5.58,5.86,5.88,5.52,1304509,800263776.0,6.45,5.02,0.28,5.09
2022-06-09,600740,5.86,6.22,6.49,5.73,1776407,1142997840.0,12.97,6.14,0.36,6.93
2022-06-10,600740,6.07,6.21,6.35,5.98,1213113,782446272.0,5.95,-0.16,-0.01,4.73
2022-06-13,600740,6.1,6.04,6.28,5.93,1011801,642233488.0,5.64,-2.74,-0.17,3.95
2022-06-14,600740,5.93,6.41,6.47,5.91,1433241,933870192.0,9.27,6.13,0.37,5.59
2022-06-15,600740,6.35,6.16,6.39,6.16,1148216,752485424.0,3.59,-3.9,-0.25,4.48
2022-06-16,600740,6.09,5.98,6.23,5.87,1023609,645340000.0,5.84,-2.92,-0.18,4.0
2022-06-17,600740,5.89,5.91,6.02,5.84,666629,411762128.0,3.01,-1.17,-0.07,2.6
2022-06-20,600740,5.75,5.55,5.76,5.48,975177,571434272.0,4.74,-6.09,-0.36,3.81
2022-06-21,600740,5.53,5.59,5.65,5.51,511521,299605952.0,2.52,0.72,0.04,2.0
2022-06-22,600740,5.59,5.39,5.68,5.37,644736,372395440.0,5.55,-3.58,-0.2,2.52
2022-06-23,600740,5.38,5.51,5.52,5.33,460892,263119584.0,3.53,2.23,0.12,1.8
2022-06-24,600740,5.52,5.5,5.62,5.45,429944,249568987.0,3.09,-0.18,-0.01,1.68
2022-06-27,600740,5.53,5.67,5.67,5.49,662841,390437760.0,3.27,3.09,0.17,2.59
2022-06-28,600740,5.68,5.74,5.75,5.64,554748,330772256.0,1.94,1.23,0.07,2.17
2022-06-29,600740,5.73,5.64,5.79,5.61,551763,328427776.0,3.14,-1.74,-0.1,2.15
2022-06-30,600740,5.58,5.55,5.64,5.53,395250,231595785.0,1.95,-1.6,-0.09,1.54
2022-07-01,600740,5.51,5.6,5.61,5.34,462264,266157114.0,4.86,0.9,0.05,1.8
2022-07-04,600740,5.53,5.55,5.66,5.51,306745,178854917.0,2.68,-0.89,-0.05,1.2
2022-07-05,600740,5.59,5.72,5.74,5.58,737600,438884064.0,2.88,3.06,0.17,2.88
2022-07-06,600740,5.62,5.45,5.62,5.41,573049,329824816.0,3.67,-4.72,-0.27,2.24
2022-07-07,600740,5.44,5.47,5.52,5.39,283156,162382614.0,2.39,0.37,0.02,1.11
2022-07-08,600740,5.5,5.41,5.55,5.41,269029,154177786.0,2.56,-1.1,-0.06,1.05
2022-07-11,600740,5.37,5.28,5.37,5.22,354305,196202770.0,2.77,-2.4,-0.13,1.38
2022-07-12,600740,5.27,5.29,5.34,5.26,235945,131533771.0,1.52,0.19,0.01,0.92
2022-07-13,600740,5.25,5.32,5.32,5.24,188675,104701309.0,1.51,0.57,0.03,0.74
2022-07-14,600740,5.65,5.55,5.68,5.51,782700,459079697.0,3.2,4.32,0.23,3.05
2022-07-15,600740,5.57,5.67,5.89,5.57,1002919,603720456.0,5.77,2.16,0.12,3.91
2022-07-18,600740,5.72,5.95,5.97,5.7,897650,550225472.0,4.76,4.94,0.28,3.5
2022-07-19,600740,5.97,6.1,6.17,5.88,896727,567450435.0,4.87,2.52,0.15,3.5
2022-07-20,600740,6.03,6.07,6.16,6.02,682775,433995318.0,2.3,-0.49,-0.03,2.66
2022-07-21,600740,6.06,5.82,6.07,5.79,765687,472198039.0,4.61,-4.12,-0.25,2.99
2022-07-22,600740,5.82,5.86,5.99,5.78,511621,315201481.0,3.61,0.69,0.04,2.0
2022-07-25,600740,5.95,5.8,5.98,5.78,389772,239155710.0,3.41,-1.02,-0.06,1.52
2022-07-26,600740,5.79,5.87,5.9,5.73,289423,176698191.0,2.93,1.21,0.07,1.13
2022-07-27,600740,5.83,5.87,5.92,5.83,258500,158681013.0,1.53,0.0,0.0,1.01
2022-07-28,600740,5.93,6.24,6.27,5.93,960330,612882020.0,5.79,6.3,0.37,3.75
2022-07-29,600740,6.22,6.0,6.27,5.98,764083,485605962.0,4.65,-3.85,-0.24,2.98
2022-08-01,600740,6.0,6.06,6.14,5.96,499785,316004251.0,3.0,1.0,0.06,1.95
2022-08-02,600740,5.95,5.81,5.95,5.71,641675,390386373.0,3.96,-4.13,-0.25,2.5
2022-08-03,600740,5.83,5.71,5.91,5.7,474813,289104692.0,3.61,-1.72,-0.1,1.85
2022-08-04,600740,5.69,5.75,5.78,5.6,404260,241548440.0,3.15,0.7,0.04,1.58
2022-08-05,600740,5.75,5.78,5.79,5.66,322868,193690330.0,2.26,0.52,0.03,1.26
2022-08-08,600740,5.73,5.94,5.95,5.65,515504,315027451.0,5.19,2.77,0.16,2.01
2022-08-09,600740,5.9,6.11,6.14,5.89,706490,447528783.0,4.21,2.86,0.17,2.76
2022-08-10,600740,6.06,5.99,6.13,5.92,501158,313538902.0,3.44,-1.96,-0.12,1.96
2022-08-11,600740,6.0,6.03,6.04,5.96,397939,249469056.0,1.34,0.67,0.04,1.55
2022-08-12,600740,6.07,6.16,6.21,6.06,684294,439606786.0,2.49,2.16,0.13,2.67
2022-08-15,600740,6.16,6.3,6.38,6.16,828052,542993043.0,3.57,2.27,0.14,3.23
2022-08-16,600740,6.25,6.3,6.35,6.17,558753,364316277.0,2.86,0.0,0.0,2.18
2022-08-17,600740,6.29,6.32,6.41,6.24,573873,378996647.0,2.7,0.32,0.02,2.24
2022-08-18,600740,6.3,6.21,6.46,6.2,501471,328888938.0,4.11,-1.74,-0.11,1.96
2022-08-19,600740,6.27,6.33,6.38,6.18,576366,378974854.0,3.22,1.93,0.12,2.25
2022-08-22,600740,6.33,6.49,6.51,6.33,848298,569210109.0,2.84,2.53,0.16,3.31
2022-08-23,600740,6.44,6.52,6.61,6.35,961716,649013018.0,4.01,0.46,0.03,3.75
2022-08-24,600740,6.56,6.45,6.69,6.45,1030805,703454302.0,3.68,-1.07,-0.07,4.02
2022-08-25,600740,6.5,6.73,6.75,6.43,1345003,928044404.0,4.96,4.34,0.28,5.25
2022-08-26,600740,6.72,6.44,6.72,6.39,1115500,757483372.0,4.9,-4.31,-0.29,4.35
2022-08-29,600740,6.29,6.56,6.62,6.19,915510,612331094.0,6.68,1.86,0.12,3.57
2022-08-30,600740,6.54,6.32,6.61,6.21,800363,529681129.0,6.1,-3.66,-0.24,3.12
2022-08-31,600740,6.3,5.97,6.3,5.96,688834,436635939.0,5.38,-5.54,-0.35,2.69
2022-09-01,600740,5.99,6.13,6.38,5.98,866022,558792325.0,6.7,2.68,0.16,3.38
2022-09-02,600740,6.13,6.07,6.19,6.01,474032,301569035.0,2.94,-0.98,-0.06,1.85
2022-09-05,600740,6.1,6.34,6.38,6.1,695499,456558633.0,4.61,4.45,0.27,2.71
2022-09-06,600740,6.34,6.5,6.54,6.27,695952,467264701.0,4.26,2.52,0.16,2.72
2022-09-07,600740,6.44,6.5,6.57,6.39,570809,386417790.0,2.77,0.0,0.0,2.23
2022-09-08,600740,6.49,6.39,6.5,6.34,426891,285469905.0,2.46,-1.69,-0.11,1.67
2022-09-09,600740,6.39,6.43,6.52,6.27,553871,369678093.0,3.91,0.63,0.04,2.16
2022-09-13,600740,6.44,6.3,6.5,6.28,476900,314935881.0,3.42,-2.02,-0.13,1.86
2022-09-14,600740,6.15,6.12,6.28,6.08,493279,317381464.0,3.17,-2.86,-0.18,1.93
2022-09-15,600740,6.21,6.14,6.36,6.03,753514,488012998.0,5.39,0.33,0.02,2.94
2022-09-16,600740,6.07,5.85,6.22,5.85,680053,425291396.0,6.03,-4.72,-0.29,2.65
2022-09-19,600740,5.84,5.89,6.04,5.8,519643,322166862.0,4.1,0.68,0.04,2.03
2022-09-20,600740,5.98,6.04,6.11,5.9,507341,319269721.0,3.57,2.55,0.15,1.98
2022-09-21,600740,5.98,6.08,6.1,5.96,366954,232033823.0,2.32,0.66,0.04,1.43
2022-09-22,600740,6.03,6.18,6.2,6.0,503725,322986613.0,3.29,1.64,0.1,1.97
2022-09-23,600740,6.16,6.04,6.26,6.0,517667,330644164.0,4.21,-2.27,-0.14,2.02
2022-09-26,600740,5.98,5.74,6.02,5.73,495104,303050084.0,4.8,-4.97,-0.3,1.93
2022-09-27,600740,5.79,5.75,5.85,5.57,474112,281835838.0,4.88,0.17,0.01,1.85
2022-09-28,600740,5.7,5.57,5.79,5.57,362900,215023899.0,3.83,-3.13,-0.18,1.42
2022-09-29,600740,5.64,5.68,5.79,5.63,552587,330394338.0,2.87,1.97,0.11,2.16
2022-09-30,600740,5.65,5.82,5.86,5.63,482645,291291410.0,4.05,2.46,0.14,1.88
2022-10-10,600740,5.94,5.81,5.97,5.78,462350,284905603.0,3.26,-0.17,-0.01,1.8
2022-10-11,600740,5.79,5.89,5.89,5.65,360775,218211864.0,4.13,1.38,0.08,1.41
2022-10-12,600740,5.8,5.93,5.94,5.74,368015,224549437.0,3.4,0.68,0.04,1.44
2022-10-13,600740,5.91,5.79,5.92,5.71,487033,294698518.0,3.54,-2.36,-0.14,1.9
2022-10-14,600740,5.77,5.81,5.85,5.76,432351,262822289.0,1.55,0.35,0.02,1.69
2022-10-17,600740,5.76,5.81,5.83,5.56,529275,315366639.0,4.65,0.0,0.0,2.07
2022-10-18,600740,5.8,5.77,5.87,5.74,352493,213902911.0,2.24,-0.69,-0.04,1.38
2022-10-19,600740,5.74,5.66,5.81,5.65,476568,285760265.0,2.77,-1.91,-0.11,1.86
2022-10-20,600740,5.63,5.5,5.64,5.46,472585,274255041.0,3.18,-2.83,-0.16,1.84
2022-10-21,600740,5.51,5.46,5.55,5.45,278668,160831833.0,1.82,-0.73,-0.04,1.09
2022-10-24,600740,5.51,5.38,5.54,5.32,302199,172446388.0,4.03,-1.47,-0.08,1.18
2022-10-25,600740,5.36,5.33,5.4,5.24,299231,166839456.0,2.97,-0.93,-0.05,1.17
2022-10-26,600740,5.33,5.35,5.41,5.31,287840,161928384.0,1.88,0.38,0.02,1.12
2022-10-27,600740,5.35,5.39,5.43,5.34,314461,177991584.0,1.68,0.75,0.04,1.23
2022-10-28,600740,5.35,5.19,5.37,5.15,339379,188272064.0,4.08,-3.71,-0.2,1.32
2022-10-31,600740,5.14,5.1,5.2,5.04,290768,156516775.0,3.08,-1.73,-0.09,1.13
2022-11-01,600740,5.1,5.22,5.23,5.08,257122,139343700.0,2.94,2.35,0.12,1.0
2022-11-02,600740,5.19,5.3,5.32,5.17,282651,156760864.0,2.87,1.53,0.08,1.1
2022-11-03,600740,5.26,5.27,5.3,5.24,166159,91974899.0,1.13,-0.57,-0.03,0.65
2022-11-04,600740,5.27,5.39,5.4,5.26,296996,167040200.0,2.66,2.28,0.12,1.16
2022-11-07,600740,5.38,5.45,5.47,5.36,329331,187652730.0,2.04,1.11,0.06,1.29
2022-11-08,600740,5.42,5.39,5.45,5.35,220675,124928810.0,1.83,-1.1,-0.06,0.86
2022-11-09,600740,5.4,5.37,5.43,5.37,157597,89238950.0,1.11,-0.37,-0.02,0.62
2022-11-10,600740,5.33,5.39,5.41,5.29,245867,138480754.0,2.23,0.37,0.02,0.96
2022-11-11,600740,5.46,5.49,5.51,5.41,372374,213510443.0,1.86,1.86,0.1,1.45
2022-11-14,600740,5.5,5.41,5.6,5.39,373755,215482233.0,3.83,-1.46,-0.08,1.46
2022-11-15,600740,5.39,5.45,5.45,5.35,225826,128555760.0,1.85,0.74,0.04,0.88
2022-11-16,600740,5.44,5.47,5.49,5.43,225877,129620950.0,1.1,0.37,0.02,0.88
2022-11-17,600740,5.45,5.39,5.46,5.35,267638,151365702.0,2.01,-1.46,-0.08,1.04
2022-11-18,600740,5.37,5.34,5.4,5.33,216907,122035414.0,1.3,-0.93,-0.05,0.85
2022-11-21,600740,5.3,5.31,5.32,5.23,186694,103466441.0,1.69,-0.56,-0.03,0.73
2022-11-22,600740,5.32,5.34,5.4,5.3,198830,111563940.0,1.88,0.56,0.03,0.78
2022-11-23,600740,5.32,5.4,5.4,5.31,233938,132121964.0,1.69,1.12,0.06,0.91
2022-11-24,600740,5.4,5.41,5.43,5.37,214916,122002338.0,1.11,0.19,0.01,0.84
2022-11-25,600740,5.42,5.49,5.51,5.38,360452,206551361.0,2.4,1.48,0.08,1.41
2022-11-28,600740,5.43,5.43,5.45,5.35,235058,133496806.0,1.82,-1.09,-0.06,0.92
2022-11-29,600740,5.46,5.55,5.56,5.45,404366,233819435.0,2.03,2.21,0.12,1.58
2022-11-30,600740,5.54,5.56,5.63,5.52,388052,226989916.0,1.98,0.18,0.01,1.51
2022-12-01,600740,5.61,5.53,5.62,5.52,315154,183844832.0,1.8,-0.54,-0.03,1.23
2022-12-02,600740,5.53,5.51,5.54,5.46,184031,105983797.0,1.45,-0.36,-0.02,0.72
2022-12-05,600740,5.53,5.64,5.66,5.53,420187,246584404.0,2.36,2.36,0.13,1.64
2022-12-06,600740,5.62,5.59,5.63,5.56,250813,146882506.0,1.24,-0.89,-0.05,0.98
2022-12-07,600740,5.59,5.53,5.62,5.51,242956,141415817.0,1.97,-1.07,-0.06,0.95
2022-12-08,600740,5.54,5.53,5.55,5.48,154248,89328320.0,1.27,0.0,0.0,0.6
2022-12-09,600740,5.54,5.58,5.59,5.51,230315,134147385.0,1.45,0.9,0.05,0.9
2022-12-12,600740,5.58,5.41,5.66,5.4,450884,260502447.0,4.66,-3.05,-0.17,1.76
2022-12-13,600740,5.39,5.45,5.5,5.38,227104,129931414.0,2.22,0.74,0.04,0.89
2022-12-14,600740,5.45,5.45,5.5,5.43,134226,76907114.0,1.28,0.0,0.0,0.52
2022-12-15,600740,5.46,5.37,5.47,5.33,202016,113935328.0,2.57,-1.47,-0.08,0.79
2022-12-16,600740,5.29,5.38,5.43,5.29,186079,105103245.0,2.61,0.19,0.01,0.73
2022-12-19,600740,5.36,5.21,5.4,5.18,239782,132498227.0,4.09,-3.16,-0.17,0.94
2022-12-20,600740,5.18,5.25,5.29,5.18,130828,72143045.0,2.11,0.77,0.04,0.51
2022-12-21,600740,5.25,5.22,5.28,5.18,106221,58413752.0,1.9,-0.57,-0.03,0.41
2022-12-22,600740,5.24,5.1,5.27,5.09,167725,91214552.0,3.45,-2.3,-0.12,0.65
2022-12-23,600740,5.09,5.1,5.13,5.03,108617,58163639.0,1.96,0.0,0.0,0.42
2022-12-26,600740,5.1,5.14,5.14,5.07,91007,48986399.0,1.37,0.78,0.04,0.36
2022-12-27,600740,5.16,5.22,5.24,5.15,144937,79377358.0,1.75,1.56,0.08,0.57
2022-12-28,600740,5.19,5.2,5.24,5.16,103447,56540821.0,1.53,-0.38,-0.02,0.4
2022-12-29,600740,5.17,5.12,5.19,5.1,111197,60067319.0,1.73,-1.54,-0.08,0.43
2022-12-30,600740,5.14,5.14,5.15,5.1,82938,44751198.0,0.98,0.39,0.02,0.32
2023-01-03,600740,5.13,5.19,5.19,5.1,156845,84961616.0,1.75,0.97,0.05,0.61
2023-01-04,600740,5.16,5.15,5.2,5.14,151972,82571479.0,1.16,-0.77,-0.04,0.59
2023-01-05,600740,5.16,5.17,5.18,5.14,139473,75732948.0,0.78,0.39,0.02,0.54
2023-01-06,600740,5.16,5.21,5.22,5.15,174590,95368785.0,1.35,0.77,0.04,0.68
2023-01-09,600740,5.23,5.25,5.26,5.19,187663,103346688.0,1.34,0.77,0.04,0.73
2023-01-10,600740,5.23,5.21,5.24,5.2,104020,57083126.0,0.76,-0.76,-0.04,0.41
2023-01-11,600740,5.22,5.36,5.38,5.21,460030,257304002.0,3.26,2.88,0.15,1.8
2023-01-12,600740,5.33,5.28,5.33,5.26,224063,124667857.0,1.31,-1.49,-0.08,0.87
2023-01-13,600740,5.29,5.28,5.34,5.23,144907,80266183.0,2.08,0.0,0.0,0.57
2023-01-16,600740,5.28,5.29,5.3,5.23,188248,104397352.0,1.33,0.19,0.01,0.73
2023-01-17,600740,5.3,5.27,5.3,5.25,112361,62284189.0,0.95,-0.38,-0.02,0.44
2023-01-18,600740,5.27,5.31,5.33,5.26,147216,82079778.0,1.33,0.76,0.04,0.57
2023-01-19,600740,5.29,5.35,5.36,5.27,210366,117777384.0,1.69,0.75,0.04,0.82
2023-01-20,600740,5.36,5.42,5.45,5.35,300137,170651112.0,1.87,1.31,0.07,1.17
2023-01-30,600740,5.49,5.41,5.51,5.4,292068,166584136.0,2.03,-0.18,-0.01,1.14
2023-01-31,600740,5.41,5.49,5.5,5.39,253279,145015725.0,2.03,1.48,0.08,0.99
2023-02-01,600740,5.5,5.51,5.52,5.46,232792,134027989.0,1.09,0.36,0.02,0.91
2023-02-02,600740,5.52,5.5,5.55,5.46,237828,137369961.0,1.63,-0.18,-0.01,0.93
2023-02-03,600740,5.48,5.44,5.48,5.39,260300,148263051.0,1.64,-1.09,-0.06,1.02
2023-02-06,600740,5.41,5.4,5.43,5.38,143520,81357342.0,0.92,-0.74,-0.04,0.56
2023-02-07,600740,5.4,5.43,5.46,5.39,151111,86057939.0,1.3,0.56,0.03,0.59
2023-02-08,600740,5.43,5.38,5.44,5.37,143056,81073812.0,1.29,-0.92,-0.05,0.56
2023-02-09,600740,5.36,5.41,5.42,5.36,137756,78109320.0,1.12,0.56,0.03,0.54
2023-02-10,600740,5.41,5.4,5.42,5.37,125834,71277525.0,0.92,-0.18,-0.01,0.49
2023-02-13,600740,5.39,5.42,5.43,5.37,161758,91763340.0,1.11,0.37,0.02,0.63
2023-02-14,600740,5.42,5.44,5.46,5.41,169622,96829980.0,0.92,0.37,0.02,0.66
2023-02-15,600740,5.46,5.39,5.46,5.36,184031,104424220.0,1.84,-0.92,-0.05,0.72
2023-02-16,600740,5.39,5.28,5.43,5.26,236182,132976056.0,3.15,-2.04,-0.11,0.92
2023-02-17,600740,5.31,5.35,5.41,5.3,242155,136305152.0,2.08,1.33,0.07,0.95
2023-02-20,600740,5.35,5.46,5.47,5.35,346209,197332898.0,2.24,2.06,0.11,1.35
2023-02-21,600740,5.49,5.57,5.59,5.45,561416,326378959.0,2.56,2.01,0.11,2.19
2023-02-22,600740,5.54,5.63,5.7,5.5,585180,344325503.0,3.59,1.08,0.06,2.28
2023-02-23,600740,5.73,5.62,5.78,5.58,547475,324107520.0,3.55,-0.18,-0.01,2.14
2023-02-24,600740,5.59,5.58,5.64,5.52,267700,156203419.0,2.14,-0.71,-0.04,1.04
2023-02-27,600740,5.62,5.55,5.64,5.52,309350,181109471.0,2.15,-0.54,-0.03,1.21
2023-02-28,600740,5.51,5.55,5.57,5.49,194405,112728973.0,1.44,0.0,0.0,0.76
2023-03-01,600740,5.55,5.56,5.57,5.52,210939,122691471.0,0.9,0.18,0.01,0.82
2023-03-02,600740,5.56,5.57,5.63,5.53,243785,142531196.0,1.8,0.18,0.01,0.95
2023-03-03,600740,5.57,5.59,5.6,5.53,203391,118794704.0,1.26,0.36,0.02,0.79
2023-03-06,600740,5.58,5.5,5.61,5.5,239791,138964931.0,1.97,-1.61,-0.09,0.94
2023-03-07,600740,5.52,5.5,5.62,5.5,339443,197947550.0,2.18,0.0,0.0,1.32
2023-03-08,600740,5.49,5.47,5.49,5.43,176346,101045262.0,1.09,-0.55,-0.03,0.69
2023-03-09,600740,5.49,5.46,5.53,5.45,144150,82838686.0,1.46,-0.18,-0.01,0.56
2023-03-10,600740,5.45,5.36,5.48,5.36,190312,107806231.0,2.2,-1.83,-0.1,0.74
2023-03-13,600740,5.34,5.38,5.39,5.31,137268,77224230.0,1.49,0.37,0.02,0.54
2023-03-14,600740,5.37,5.32,5.41,5.31,160229,90084459.0,1.86,-1.12,-0.06,0.63
2023-03-15,600740,5.34,5.39,5.4,5.33,133305,75146480.0,1.32,1.32,0.07,0.52
2023-03-16,600740,5.36,5.24,5.36,5.23,244249,135764004.0,2.41,-2.78,-0.15,0.95
2023-03-17,600740,5.26,5.29,5.33,5.25,148912,82852332.0,1.53,0.95,0.05,0.58
2023-03-20,600740,5.28,5.25,5.32,5.24,143526,79649944.0,1.51,-0.76,-0.04,0.56
2023-03-21,600740,5.26,5.28,5.28,5.23,124038,68535043.0,0.95,0.57,0.03,0.48
2023-03-22,600740,5.28,5.31,5.34,5.27,128559,71688187.0,1.33,0.57,0.03,0.5
2023-03-23,600740,5.3,5.34,5.35,5.28,127881,71526317.0,1.32,0.56,0.03,0.5
2023-03-24,600740,5.34,5.31,5.34,5.3,101460,56626750.0,0.75,-0.56,-0.03,0.4
2023-03-27,600740,5.31,5.31,5.32,5.26,113201,62891484.0,1.13,0.0,0.0,0.44
2023-03-28,600740,5.31,5.28,5.32,5.27,96126,53444738.0,0.94,-0.56,-0.03,0.38
2023-03-29,600740,5.29,5.23,5.3,5.21,128629,70932564.0,1.7,-0.95,-0.05,0.5
2023-03-30,600740,5.23,5.28,5.28,5.16,172491,94601652.0,2.29,0.96,0.05,0.67
2023-03-31,600740,5.26,5.27,5.29,5.25,119910,66437922.0,0.76,-0.19,-0.01,0.47
2023-04-03,600740,5.28,5.3,5.32,5.27,135365,75354423.0,0.95,0.57,0.03,0.53
2023-04-04,600740,5.3,5.29,5.32,5.28,139064,77385761.0,0.75,-0.19,-0.01,0.54
2023-04-06,600740,5.28,5.23,5.29,5.23,124845,68859225.0,1.13,-1.13,-0.06,0.49
2023-04-07,600740,5.22,5.24,5.26,5.2,89201,49097201.0,1.15,0.19,0.01,0.35
2023-04-10,600740,5.24,5.2,5.24,5.18,127450,69743805.0,1.15,-0.76,-0.04,0.5
2023-04-11,600740,5.2,5.2,5.21,5.16,102234,55718817.0,0.96,0.0,0.0,0.4
2023-04-12,600740,5.2,5.28,5.31,5.2,191290,105927876.0,2.12,1.54,0.08,0.75
2023-04-13,600740,5.28,5.27,5.31,5.26,102000,56647305.0,0.95,-0.19,-0.01,0.4
2023-04-14,600740,5.29,5.3,5.31,5.26,116016,64473224.0,0.95,0.57,0.03,0.45
2023-04-17,600740,5.3,5.35,5.35,5.27,193372,108177127.0,1.51,0.94,0.05,0.75
2023-04-18,600740,5.35,5.38,5.41,5.33,212363,119828195.0,1.5,0.56,0.03,0.83
2023-04-19,600740,5.38,5.34,5.4,5.33,194477,109639707.0,1.3,-0.74,-0.04,0.76
2023-04-20,600740,5.34,5.3,5.34,5.25,149090,82801204.0,1.69,-0.75,-0.04,0.58
2023-04-21,600740,5.31,5.23,5.31,5.22,144448,79856744.0,1.7,-1.32,-0.07,0.56
2023-04-24,600740,5.22,5.19,5.26,5.18,151032,82748887.0,1.53,-0.76,-0.04,0.59
2023-04-25,600740,5.16,5.04,5.16,4.98,311716,166511179.0,3.47,-2.89,-0.15,1.22
2023-04-26,600740,5.06,5.06,5.09,4.99,117230,62367093.0,1.98,0.4,0.02,0.46
2023-04-27,600740,5.08,5.07,5.08,5.02,115745,61591867.0,1.19,0.2,0.01,0.45
2023-04-28,600740,5.07,5.11,5.11,5.05,149542,80149429.0,1.18,0.79,0.04,0.58
2023-05-04,600740,5.08,5.13,5.15,5.04,149132,80226349.0,2.15,0.39,0.02,0.58
2023-05-05,600740,5.14,5.11,5.16,5.07,118553,63764165.0,1.75,-0.39,-0.02,0.46
2023-05-08,600740,5.12,5.21,5.21,5.1,182025,99003133.0,2.15,1.96,0.1,0.71
2023-05-09,600740,5.21,5.21,5.28,5.19,243710,134176238.0,1.73,0.0,0.0,0.95
2023-05-10,600740,5.23,5.18,5.23,5.16,115507,62967433.0,1.34,-0.58,-0.03,0.45
2023-05-11,600740,5.19,5.19,5.21,5.14,110411,60164253.0,1.35,0.19,0.01,0.43
2023-05-12,600740,5.19,5.15,5.2,5.13,107165,58185512.0,1.35,-0.77,-0.04,0.42
2023-05-15,600740,5.17,5.19,5.19,5.12,105362,57160445.0,1.36,0.78,0.04,0.41
2023-05-16,600740,5.2,5.18,5.23,5.15,124671,67994895.0,1.54,-0.19,-0.01,0.49
2023-05-17,600740,5.16,5.15,5.17,5.12,99031,53591076.0,0.97,-0.58,-0.03,0.39
2023-05-18,600740,5.16,5.15,5.18,5.14,92787,50358773.0,0.78,0.0,0.0,0.36
2023-05-19,600740,5.13,5.09,5.14,5.09,88319,47454083.0,0.97,-1.17,-0.06,0.34
2023-05-22,600740,5.08,5.07,5.1,5.06,77484,41446557.0,0.79,-0.39,-0.02,0.3
2023-05-23,600740,5.07,5.03,5.08,5.03,87028,46310642.0,0.99,-0.79,-0.04,0.34
2023-05-24,600740,5.04,5.02,5.06,5.01,82669,43811121.0,0.99,-0.2,-0.01,0.32
2023-05-25,600740,5.02,5.0,5.04,4.98,84880,44755738.0,1.2,-0.4,-0.02,0.33
2023-05-26,600740,4.99,4.96,5.0,4.92,113061,59059572.0,1.6,-0.8,-0.04,0.44
2023-05-29,600740,4.97,5.0,5.01,4.95,85201,44782060.0,1.21,0.81,0.04,0.33
2023-05-30,600740,5.03,5.01,5.04,4.96,96576,48979369.0,1.6,0.2,0.01,0.38
2023-05-31,600740,4.99,4.93,4.99,4.93,89745,45068757.0,1.2,-1.6,-0.08,0.35
2023-06-01,600740,4.93,4.94,4.96,4.9,77542,38815995.0,1.22,0.2,0.01,0.3
2023-06-02,600740,4.94,4.99,5.0,4.93,65519,33042311.0,1.42,1.01,0.05,0.26
2023-06-05,600740,5.0,4.98,5.0,4.97,46551,23528739.0,0.6,-0.2,-0.01,0.18
2023-06-06,600740,4.98,4.95,4.99,4.93,74862,37671897.0,1.2,-0.6,-0.03,0.29
2023-06-07,600740,4.94,4.92,4.95,4.91,62923,31414626.0,0.81,-0.61,-0.03,0.25
2023-06-08,600740,4.92,4.98,4.99,4.91,67988,34140416.0,1.63,1.22,0.06,0.27
2023-06-09,600740,4.98,4.98,5.01,4.96,46574,23494830.0,1.0,0.0,0.0,0.18
2023-06-12,600740,4.98,4.99,5.02,4.97,70424,35659121.0,1.0,0.2,0.01,0.27
2023-06-13,600740,4.99,4.97,5.0,4.96,52380,26411858.0,0.8,-0.4,-0.02,0.2
2023-06-14,600740,4.97,4.96,4.99,4.94,69011,34749423.0,1.01,-0.2,-0.01,0.27
2023-06-15,600740,4.96,4.99,5.0,4.91,105477,52959848.0,1.81,0.6,0.03,0.41
2023-06-16,600740,4.99,5.01,5.02,4.98,90863,46104104.0,0.8,0.4,0.02,0.35
2023-06-19,600740,5.01,4.96,5.01,4.96,58058,29335992.0,1.0,-1.0,-0.05,0.23
2023-06-20,600740,4.95,4.94,4.97,4.93,59693,29930551.0,0.81,-0.4,-0.02,0.23
2023-06-21,600740,4.94,4.94,4.96,4.92,62441,31280548.0,0.81,0.0,0.0,0.24
2023-06-26,600740,4.91,4.93,4.94,4.9,58956,29432991.0,0.81,-0.2,-0.01,0.23
2023-06-27,600740,4.92,4.98,5.0,4.91,74876,37748659.0,1.83,1.01,0.05,0.29
2023-06-28,600740,4.98,5.15,5.22,4.97,344446,178948419.0,5.02,3.41,0.17,1.34
2023-06-29,600740,5.11,5.04,5.11,5.03,190888,97804620.0,1.55,-2.14,-0.11,0.75
2023-06-30,600740,5.05,5.06,5.09,5.05,99242,50962729.0,0.79,0.4,0.02,0.39
2023-07-03,600740,5.05,5.1,5.11,5.05,123411,63649547.0,1.19,0.79,0.04,0.48
2023-07-04,600740,5.1,5.08,5.11,5.05,97388,50106405.0,1.18,-0.39,-0.02,0.38
2023-07-05,600740,5.08,5.1,5.11,5.06,105556,54448452.0,0.98,0.39,0.02,0.41
2023-07-06,600740,5.09,5.08,5.1,5.05,71145,36600440.0,0.98,-0.39,-0.02,0.28
2023-07-07,600740,5.08,5.11,5.12,5.06,89293,46125126.0,1.18,0.59,0.03,0.35
2023-07-10,600740,5.1,5.1,5.13,5.08,83443,43182743.0,0.98,-0.2,-0.01,0.33
2023-07-11,600740,5.1,5.1,5.12,5.07,73298,37802317.0,0.98,0.0,0.0,0.29
2023-07-12,600740,5.1,5.09,5.1,5.07,62224,32078956.0,0.59,-0.2,-0.01,0.24
2023-07-13,600740,5.09,5.11,5.12,5.08,78390,40551230.0,0.79,0.39,0.02,0.31
2023-07-14,600740,5.06,5.02,5.07,5.01,159032,81210934.0,1.17,-1.76,-0.09,0.62
2023-07-17,600740,5.02,4.98,5.02,4.96,74741,37719841.0,1.2,-0.8,-0.04,0.29
2023-07-18,600740,4.98,5.01,5.03,4.96,75072,38046330.0,1.41,0.6,0.03,0.29
2023-07-19,600740,5.02,5.02,5.03,4.99,56294,28597381.0,0.8,0.2,0.01,0.22
2023-07-20,600740,5.03,5.03,5.06,5.02,97301,49766488.0,0.8,0.2,0.01,0.38
2023-07-21,600740,5.04,5.02,5.05,5.02,67061,34211997.0,0.6,-0.2,-0.01,0.26
2023-07-24,600740,5.02,4.99,5.02,4.98,54736,27771572.0,0.8,-0.6,-0.03,0.21
2023-07-25,600740,5.0,5.05,5.06,5.0,106430,54471445.0,1.2,1.2,0.06,0.42
2023-07-26,600740,5.05,5.11,5.12,5.05,140129,72254529.0,1.39,1.19,0.06,0.55
2023-07-27,600740,5.11,5.1,5.15,5.07,111104,57572847.0,1.57,-0.2,-0.01,0.43
2023-07-28,600740,5.09,5.15,5.16,5.06,148905,77507168.0,1.96,0.98,0.05,0.58
2023-07-31,600740,5.15,5.17,5.19,5.15,144697,75816920.0,0.78,0.39,0.02,0.56
2023-08-01,600740,5.18,5.21,5.22,5.16,158342,83456407.0,1.16,0.77,0.04,0.62
2023-08-02,600740,5.21,5.17,5.22,5.16,113084,59384950.0,1.15,-0.77,-0.04,0.44
2023-08-03,600740,5.15,5.16,5.19,5.14,82542,43128593.0,0.97,-0.19,-0.01,0.32
2023-08-04,600740,5.18,5.14,5.2,5.14,105911,55443633.0,1.16,-0.39,-0.02,0.41
2023-08-07,600740,5.15,5.12,5.15,5.1,91281,47352930.0,0.97,-0.39,-0.02,0.36
2023-08-08,600740,5.13,5.13,5.14,5.07,89238,46244507.0,1.37,0.2,0.01,0.35
2023-08-09,600740,5.11,5.11,5.14,5.1,64450,33375272.0,0.78,-0.39,-0.02,0.25
2023-08-10,600740,5.1,5.17,5.19,5.1,115120,60210073.0,1.76,1.17,0.06,0.45
2023-08-11,600740,5.16,5.08,5.18,5.08,112451,58255686.0,1.93,-1.74,-0.09,0.44
2023-08-14,600740,5.05,5.05,5.08,5.01,95581,48799593.0,1.38,-0.59,-0.03,0.37
2023-08-15,600740,5.05,5.05,5.07,5.01,56064,28677940.0,1.19,0.0,0.0,0.22
2023-08-16,600740,5.03,5.04,5.06,5.02,51092,26098547.0,0.79,-0.2,-0.01,0.2
2023-08-17,600740,5.04,5.03,5.04,4.96,63402,32205413.0,1.59,-0.2,-0.01,0.25
2023-08-18,600740,5.04,4.99,5.07,4.99,75546,38548276.0,1.59,-0.8,-0.04,0.29
2023-08-21,600740,4.99,4.96,5.03,4.96,81863,41402279.0,1.4,-0.6,-0.03,0.32
2023-08-22,600740,4.96,4.96,4.98,4.91,144226,72299516.0,1.41,0.0,0.0,0.56
2023-08-23,600740,4.98,5.01,5.08,4.96,175794,89551918.0,2.42,1.01,0.05,0.69
2023-08-24,600740,4.99,4.93,5.02,4.93,124022,62321856.0,1.8,-1.6,-0.08,0.48
2023-08-25,600740,4.93,4.89,4.94,4.85,105755,52512823.0,1.83,-0.81,-0.04,0.41
2023-08-28,600740,5.06,4.99,5.09,4.98,253059,129533017.0,2.25,2.04,0.1,0.99
2023-08-29,600740,5.0,5.0,5.03,4.98,122348,62116453.0,1.0,0.2,0.01,0.48
2023-08-30,600740,5.01,4.95,5.03,4.94,100633,50823689.0,1.8,-1.0,-0.05,0.39
2023-08-31,600740,4.96,4.92,4.99,4.92,78296,39228062.0,1.41,-0.61,-0.03,0.31
2023-09-01,600740,4.95,5.05,5.07,4.93,217206,110810935.0,2.85,2.64,0.13,0.85
2023-09-04,600740,5.08,5.18,5.2,5.08,406191,212312279.0,2.38,2.57,0.13,1.59
2023-09-05,600740,5.17,5.16,5.2,5.12,221907,115966493.0,1.54,-0.39,-0.02,0.87
2023-09-06,600740,5.16,5.14,5.17,5.12,134193,69820574.0,0.97,-0.39,-0.02,0.52
2023-09-07,600740,5.13,5.1,5.15,5.1,171751,89164841.0,0.97,-0.78,-0.04,0.67
2023-09-08,600740,5.1,5.06,5.12,5.06,136217,70289814.0,1.18,-0.78,-0.04,0.53
2023-09-11,600740,5.08,5.11,5.17,5.08,161493,83876876.0,1.78,0.99,0.05,0.63
2023-09-12,600740,5.14,5.1,5.15,5.09,109997,57125131.0,1.17,-0.2,-0.01,0.43
2023-09-13,600740,5.12,5.12,5.17,5.1,146174,76112180.0,1.37,0.39,0.02,0.57
2023-09-14,600740,5.12,5.2,5.22,5.1,359737,189095372.0,2.34,1.56,0.08,1.4
2023-09-15,600740,5.21,5.18,5.23,5.15,232320,122210470.0,1.54,-0.38,-0.02,0.91
2023-09-18,600740,5.19,5.28,5.28,5.16,368651,196072750.0,2.32,1.93,0.1,1.44
2023-09-19,600740,5.29,5.25,5.31,5.22,261375,139588523.0,1.7,-0.57,-0.03,1.02
2023-09-20,600740,5.22,5.19,5.26,5.18,150072,79159828.0,1.52,-1.14,-0.06,0.59
2023-09-21,600740,5.19,5.13,5.2,5.12,141915,74021853.0,1.54,-1.16,-0.06,0.55
2023-09-22,600740,5.14,5.1,5.16,5.06,196264,101294592.0,1.95,-0.58,-0.03,0.77
2023-09-25,600740,5.11,5.08,5.15,5.05,143056,74070581.0,1.96,-0.39,-0.02,0.56
2023-09-26,600740,5.07,4.98,5.08,4.97,221676,112553738.0,2.17,-1.97,-0.1,0.87
2023-09-27,600740,4.99,4.99,5.01,4.97,130078,65857348.0,0.8,0.2,0.01,0.51
2023-09-28,600740,5.16,5.18,5.39,5.13,600045,318514393.0,5.21,3.81,0.19,2.34
2023-10-09,600740,5.17,5.13,5.17,5.07,209632,108836046.0,1.93,-0.97,-0.05,0.82
2023-10-10,600740,5.11,5.02,5.13,5.02,198723,102020005.0,2.14,-2.14,-0.11,0.78
2023-10-11,600740,5.01,5.01,5.04,4.99,173579,88238617.0,1.0,-0.2,-0.01,0.68
2023-10-12,600740,5.01,5.05,5.06,5.0,125378,64037828.0,1.2,0.8,0.04,0.49
2023-10-13,600740,5.03,5.05,5.07,5.0,110376,56383555.0,1.39,0.0,0.0,0.43
2023-10-16,600740,5.04,5.11,5.14,5.04,180997,93461656.0,1.98,1.19,0.06,0.71
2023-10-17,600740,5.1,5.08,5.11,5.05,98902,50824893.0,1.17,-0.59,-0.03,0.39
2023-10-18,600740,5.06,5.01,5.08,5.01,124380,63456643.0,1.38,-1.38,-0.07,0.49
2023-10-19,600740,5.0,4.97,5.04,4.94,142036,71650267.0,2.0,-0.8,-0.04,0.55
2023-10-20,600740,4.97,4.95,5.01,4.93,111090,55918821.0,1.61,-0.4,-0.02,0.43
2023-10-23,600740,4.93,4.87,4.98,4.84,156697,77946155.0,2.83,-1.62,-0.08,0.61
2023-10-24,600740,4.87,4.91,4.92,4.85,151948,75231375.0,1.44,0.82,0.04,0.59
2023-10-25,600740,4.96,4.99,5.01,4.94,140618,71055134.0,1.43,1.63,0.08,0.55
2023-10-26,600740,4.95,4.93,4.95,4.88,127943,63741741.0,1.4,-1.2,-0.06,0.5
2023-10-27,600740,4.92,4.95,4.97,4.88,132954,66595058.0,1.83,0.41,0.02,0.52
2023-10-30,600740,4.93,4.95,4.97,4.93,98633,49502015.0,0.81,0.0,0.0,0.38
2023-10-31,600740,4.94,4.99,5.01,4.94,142752,71995137.0,1.41,0.81,0.04,0.56
2023-11-01,600740,4.99,4.95,5.0,4.93,107247,53880215.0,1.4,-0.8,-0.04,0.42
2023-11-02,600740,4.96,4.95,4.97,4.93,79723,39991458.0,0.81,0.0,0.0,0.31
2023-11-03,600740,4.96,4.95,4.98,4.94,106362,53469141.0,0.81,0.0,0.0,0.42
2023-11-06,600740,4.96,4.98,4.98,4.94,145109,72985910.0,0.81,0.61,0.03,0.57
2023-11-07,600740,4.96,4.97,4.98,4.95,92871,46740612.0,0.6,-0.2,-0.01,0.36
2023-11-08,600740,4.96,4.93,4.97,4.91,134536,67299202.0,1.21,-0.8,-0.04,0.53
2023-11-09,600740,4.93,5.01,5.02,4.91,267714,135437240.0,2.23,1.62,0.08,1.04
2023-11-10,600740,5.0,5.02,5.04,4.96,174257,88252588.0,1.6,0.2,0.01,0.68
2023-11-13,600740,5.05,5.05,5.06,4.99,171290,87353750.0,1.39,0.6,0.03,0.67
2023-11-14,600740,5.04,5.0,5.04,4.98,142001,72000002.0,1.19,-0.99,-0.05,0.55
2023-11-15,600740,5.04,5.07,5.08,5.0,199198,101771222.0,1.6,1.4,0.07,0.78
2023-11-16,600740,5.05,5.04,5.06,5.0,151727,77444011.0,1.18,-0.59,-0.03,0.59
2023-11-17,600740,5.04,5.03,5.06,5.01,109079,55611574.0,0.99,-0.2,-0.01,0.43
2023-11-20,600740,5.02,5.02,5.04,5.0,83121,42335235.0,0.8,-0.2,-0.01,0.32
2023-11-21,600740,5.04,5.04,5.07,5.02,141104,72232856.0,1.0,0.4,0.02,0.55
2023-11-22,600740,5.02,5.0,5.04,5.0,93954,47812920.0,0.79,-0.79,-0.04,0.37
2023-11-23,600740,5.0,5.05,5.05,4.99,96773,49242869.0,1.2,1.0,0.05,0.38
2023-11-24,600740,5.03,5.08,5.1,5.03,219746,112979135.0,1.39,0.59,0.03,0.86
2023-11-27,600740,5.1,5.12,5.14,5.08,214613,111202813.0,1.18,0.79,0.04,0.84
2023-11-28,600740,5.1,5.1,5.11,5.06,138594,71399184.0,0.98,-0.39,-0.02,0.54
2023-11-29,600740,5.11,5.15,5.28,5.09,505517,265568983.0,3.73,0.98,0.05,1.97
2023-11-30,600740,5.12,5.11,5.15,5.08,179635,93053088.0,1.36,-0.78,-0.04,0.7
2023-12-01,600740,5.11,5.18,5.21,5.11,206087,108094635.0,1.96,1.37,0.07,0.8
2023-12-04,600740,5.17,5.22,5.24,5.17,209061,110358870.0,1.35,0.77,0.04,0.82
2023-12-05,600740,5.2,5.14,5.22,5.13,148475,77884484.0,1.72,-1.53,-0.08,0.58
2023-12-06,600740,5.12,5.14,5.17,5.11,100511,52394364.0,1.17,0.0,0.0,0.39
2023-12-07,600740,5.16,5.13,5.17,5.13,100628,52522033.0,0.78,-0.19,-0.01,0.39
2023-12-08,600740,5.12,5.11,5.18,5.1,138573,72168975.0,1.56,-0.39,-0.02,0.54
2023-12-11,600740,5.13,5.2,5.2,5.05,160018,83354160.0,2.94,1.76,0.09,0.62
2023-12-12,600740,5.16,5.22,5.22,5.16,105765,55722494.0,1.15,0.38,0.02,0.41
2023-12-13,600740,5.2,5.18,5.23,5.18,123793,65335092.0,0.96,-0.77,-0.04,0.48
2023-12-14,600740,5.21,5.2,5.23,5.16,155507,81971127.0,1.35,0.39,0.02,0.61
2023-12-15,600740,5.22,5.14,5.22,5.12,128850,67434150.0,1.92,-1.15,-0.06,0.5
2023-12-18,600740,5.14,5.08,5.15,5.05,115773,59835950.0,1.95,-1.17,-0.06,0.45
2023-12-19,600740,5.1,5.02,5.1,4.99,122615,62391744.0,2.17,-1.18,-0.06,0.48
2023-12-20,600740,5.03,5.01,5.11,5.0,112533,57631166.0,2.19,-0.2,-0.01,0.44
2023-12-21,600740,5.01,4.97,5.03,4.91,152909,76859846.0,2.4,-0.8,-0.04,0.6
2023-12-22,600740,4.97,4.97,5.04,4.95,136278,69010251.0,1.81,0.0,0.0,0.53
2023-12-25,600740,4.97,4.97,4.98,4.9,110512,55275180.0,1.61,0.0,0.0,0.43
2023-12-26,600740,4.96,4.93,5.03,4.93,119919,60591831.0,2.01,-0.8,-0.04,0.47
2023-12-27,600740,4.91,4.96,4.97,4.91,94556,47334867.0,1.22,0.61,0.03,0.37
2023-12-28,600740,4.98,4.98,4.99,4.94,153720,77397575.0,1.01,0.4,0.02,0.6
2023-12-29,600740,4.96,4.97,4.98,4.95,129533,65202945.0,0.6,-0.2,-0.01,0.51
2024-01-02,600740,4.96,5.03,5.06,4.95,237873,121146074.0,2.21,1.21,0.06,0.93
2024-01-03,600740,5.01,5.11,5.12,4.99,237886,122601262.0,2.58,1.59,0.08,0.93
2024-01-04,600740,5.1,5.17,5.17,5.1,267992,139642604.0,1.37,1.17,0.06,1.05
2024-01-05,600740,5.18,5.1,5.18,5.08,197046,102609579.0,1.93,-1.35,-0.07,0.77
2024-01-08,600740,5.11,4.99,5.12,4.96,267805,136234476.0,3.14,-2.16,-0.11,1.05
2024-01-09,600740,4.99,5.03,5.06,4.95,157109,79661379.0,2.2,0.8,0.04,0.61
2024-01-10,600740,5.01,4.97,5.04,4.97,126579,64059063.0,1.39,-1.19,-0.06,0.49
2024-01-11,600740,4.96,4.96,4.97,4.93,184868,92766863.0,0.8,-0.2,-0.01,0.72
2024-01-12,600740,4.95,4.95,4.98,4.94,156856,78872452.0,0.81,-0.2,-0.01,0.61
2024-01-15,600740,4.94,4.95,4.96,4.92,113349,56813291.0,0.81,0.0,0.0,0.44
2024-01-16,600740,4.95,4.91,4.95,4.88,193115,96222297.0,1.41,-0.81,-0.04,0.75
2024-01-17,600740,4.91,4.83,4.92,4.82,118812,58724765.0,2.04,-1.63,-0.08,0.46
2024-01-18,600740,4.82,4.7,4.82,4.57,256382,121339959.0,5.18,-2.69,-0.13,1.0
2024-01-19,600740,4.68,4.65,4.7,4.62,95923,45417338.0,1.7,-1.06,-0.05,0.37
2024-01-22,600740,4.64,4.41,4.64,4.36,134792,61977001.0,6.02,-5.16,-0.24,0.53
2024-01-23,600740,4.39,4.5,4.51,4.33,115791,52176408.0,4.08,2.04,0.09,0.45
2024-01-24,600740,4.5,4.57,4.58,4.41,123286,56490539.0,3.78,1.56,0.07,0.48
2024-01-25,600740,4.56,4.78,4.79,4.55,200056,95626343.0,5.25,4.6,0.21,0.78
2024-01-26,600740,4.77,4.84,4.87,4.75,197932,97001047.0,2.51,1.26,0.06,0.77
2024-01-29,600740,4.84,4.79,4.86,4.78,161721,78866013.0,1.65,-1.03,-0.05,0.63
2024-01-30,600740,4.76,4.73,4.83,4.73,125777,61080704.0,2.09,-1.25,-0.06,0.49
2024-01-31,600740,4.7,4.64,4.76,4.61,123287,58567176.0,3.17,-1.9,-0.09,0.48
2024-02-01,600740,4.64,4.56,4.65,4.53,130351,60753183.0,2.59,-1.72,-0.08,0.51
2024-02-02,600740,4.59,4.45,4.59,4.33,180298,81973998.0,5.7,-2.41,-0.11,0.7
2024-02-05,600740,4.42,4.26,4.43,4.12,268922,116786576.0,6.97,-4.27,-0.19,1.05
2024-02-06,600740,4.21,4.51,4.58,4.18,221031,98274734.0,9.39,5.87,0.25,0.86
2024-02-07,600740,4.54,4.73,4.77,4.48,296423,141324994.0,6.43,4.88,0.22,1.16
2024-02-08,600740,4.73,4.8,4.86,4.72,260209,127032378.0,2.96,1.48,0.07,1.02
2024-02-19,600740,4.8,4.82,4.87,4.75,214556,104772339.0,2.5,0.42,0.02,0.84
2024-02-20,600740,4.81,4.81,4.84,4.78,128616,62834760.0,1.24,-0.21,-0.01,0.5
2024-02-21,600740,4.8,4.85,4.91,4.78,206902,101919984.0,2.7,0.83,0.04,0.81
2024-02-22,600740,4.82,4.98,4.99,4.81,282697,141156971.0,3.71,2.68,0.13,1.1
2024-02-23,600740,4.98,4.92,4.99,4.9,228029,114074008.0,1.81,-1.2,-0.06,0.89
2024-02-26,600740,4.91,4.85,4.96,4.84,198346,98659211.0,2.44,-1.42,-0.07,0.77
2024-02-27,600740,4.83,4.88,4.9,4.82,143292,70638659.0,1.65,0.62,0.03,0.56
2024-02-28,600740,4.88,4.8,4.92,4.8,205564,101602631.0,2.46,-1.64,-0.08,0.8
2024-02-29,600740,4.79,4.89,4.9,4.78,163921,80809642.0,2.5,1.88,0.09,0.64
2024-03-01,600740,4.86,4.91,4.92,4.86,175679,87382759.0,1.23,0.41,0.02,0.69
2024-03-04,600740,4.89,4.9,4.91,4.86,125469,62139336.0,1.02,-0.2,-0.01,0.49
2024-03-05,600740,4.88,4.89,4.94,4.86,142156,70532986.0,1.63,-0.2,-0.01,0.55
2024-03-06,600740,4.88,4.97,5.03,4.87,270171,136510939.0,3.27,1.64,0.08,1.05
2024-03-07,600740,4.96,5.01,5.07,4.96,222776,113343969.0,2.21,0.8,0.04,0.87
2024-03-08,600740,5.01,4.97,5.01,4.92,150108,75373152.0,1.8,-0.8,-0.04,0.59
2024-03-11,600740,4.93,4.93,4.96,4.89,144184,71871941.0,1.41,-0.8,-0.04,0.56
2024-03-12,600740,4.92,4.88,4.92,4.86,141044,69829745.0,1.22,-1.01,-0.05,0.55
2024-03-13,600740,4.87,4.88,4.89,4.85,107454,53072970.0,0.82,0.0,0.0,0.42
2024-03-14,600740,4.86,4.89,4.91,4.86,116946,57961642.0,1.02,0.2,0.01,0.46
2024-03-15,600740,4.89,4.9,4.91,4.82,142385,70286592.0,1.84,0.2,0.01,0.56
2024-03-18,600740,4.88,4.91,4.91,4.85,155044,76701447.0,1.22,0.2,0.01,0.61
2024-03-19,600740,4.9,4.91,4.97,4.89,147292,73616027.0,1.63,0.0,0.0,0.57
2024-03-20,600740,4.9,4.89,4.93,4.86,110951,55128521.0,1.43,-0.41,-0.02,0.43
2024-03-21,600740,4.9,4.86,4.9,4.86,108724,53733943.0,0.82,-0.61,-0.03,0.42
2024-03-22,600740,4.87,4.79,4.88,4.78,122374,59754278.0,2.06,-1.44,-0.07,0.48
2024-03-25,600740,4.78,4.73,4.82,4.73,101548,49316066.0,1.88,-1.25,-0.06,0.4
2024-03-26,600740,4.71,4.68,4.76,4.62,129227,61291275.0,2.96,-1.06,-0.05,0.5
2024-03-27,600740,4.66,4.61,4.71,4.61,77020,36455608.0,2.14,-1.5,-0.07,0.3
2024-03-28,600740,4.61,4.63,4.66,4.58,98660,46281429.0,1.74,0.43,0.02,0.39
2024-03-29,600740,4.61,4.7,4.7,4.6,87140,41167952.0,2.16,1.51,0.07,0.34
2024-04-01,600740,4.71,4.73,4.75,4.69,88900,42548668.0,1.28,0.64,0.03,0.35
2024-04-02,600740,4.73,4.78,4.79,4.71,121347,58694335.0,1.69,1.06,0.05,0.47
2024-04-03,600740,4.78,4.91,4.92,4.77,242928,119931193.0,3.14,2.72,0.13,0.95
2024-04-08,600740,4.91,4.93,4.99,4.88,239869,120394991.0,2.24,0.41,0.02,0.94
2024-04-09,600740,4.9,4.98,4.98,4.89,159851,80166564.0,1.83,1.01,0.05,0.62
2024-04-10,600740,4.99,4.97,5.02,4.94,181481,91745738.0,1.61,-0.2,-0.01,0.71
2024-04-11,600740,4.96,5.02,5.06,4.92,273100,138610231.0,2.82,1.01,0.05,1.07
2024-04-12,600740,5.03,5.1,5.19,5.02,471665,243208021.0,3.39,1.59,0.08,1.84
2024-04-15,600740,5.07,5.08,5.12,4.98,395580,202853156.0,2.75,-0.39,-0.02,1.54
2024-04-16,600740,5.03,4.96,5.11,4.95,331498,168143673.0,3.15,-2.36,-0.12,1.29
2024-04-17,600740,4.97,5.02,5.02,4.93,238498,120310136.0,1.81,1.21,0.06,0.93
2024-04-18,600740,5.02,5.02,5.11,4.99,241833,123612518.0,2.39,0.0,0.0,0.94
2024-04-19,600740,4.98,5.06,5.11,4.98,240032,123221031.0,2.59,0.8,0.04,0.94
2024-04-22,600740,5.07,4.94,5.09,4.93,232386,117422284.0,3.16,-2.37,-0.12,0.91
2024-04-23,600740,4.71,4.44,4.73,4.44,510640,232885622.0,5.87,-10.12,-0.5,1.99
2024-04-24,600740,4.36,4.3,4.41,4.23,536631,233504897.0,4.05,-3.15,-0.14,2.09
2024-04-25,600740,4.27,4.46,4.57,4.25,459228,206123990.0,7.44,3.72,0.16,1.79
2024-04-26,600740,4.42,4.44,4.47,4.37,245335,110037884.0,2.24,-0.45,-0.02,0.96
2024-04-29,600740,4.41,4.51,4.51,4.39,293613,133224522.0,2.7,1.58,0.07,1.15
2024-04-30,600740,4.5,4.46,4.51,4.44,192693,87457446.0,1.55,-1.11,-0.05,0.75
2024-05-06,600740,4.48,4.55,4.56,4.47,220269,101185772.0,2.02,2.02,0.09,0.86
2024-05-07,600740,4.53,4.52,4.57,4.49,158357,72662865.0,1.76,-0.66,-0.03,0.62
2024-05-08,600740,4.52,4.51,4.57,4.5,183742,84693478.0,1.55,-0.22,-0.01,0.72
2024-05-09,600740,4.51,4.52,4.56,4.49,151757,69889527.0,1.55,0.22,0.01,0.59
2024-05-10,600740,4.51,4.49,4.54,4.46,148759,67847992.0,1.77,-0.66,-0.03,0.58
2024-05-13,600740,4.49,4.43,4.49,4.41,193280,87015407.0,1.78,-1.34,-0.06,0.75
2024-05-14,600740,4.41,4.41,4.46,4.4,137779,61888500.0,1.35,-0.45,-0.02,0.54
2024-05-15,600740,4.39,4.43,4.47,4.38,133499,60048718.0,2.04,0.45,0.02,0.52
2024-05-16,600740,4.43,4.43,4.47,4.41,134242,60573303.0,1.35,0.0,0.0,0.52
2024-05-17,600740,4.44,4.49,4.5,4.42,171311,77674206.0,1.81,1.35,0.06,0.67
2024-05-20,600740,4.49,4.58,4.62,4.48,307073,142075415.0,3.12,2.0,0.09,1.2
2024-05-21,600740,4.59,4.53,4.6,4.51,152837,70402811.0,1.97,-1.09,-0.05,0.6
2024-05-22,600740,4.56,4.58,4.61,4.55,247271,115110812.0,1.32,1.1,0.05,0.97
2024-05-23,600740,4.56,4.44,4.57,4.44,215896,98161622.0,2.84,-3.06,-0.14,0.84
2024-05-24,600740,4.44,4.45,4.5,4.44,111777,50755413.0,1.35,0.23,0.01,0.44
2024-05-27,600740,4.49,4.47,4.5,4.43,127537,57810172.0,1.57,0.45,0.02,0.5
2024-05-28,600740,4.45,4.44,4.5,4.43,140587,63749178.0,1.57,-0.67,-0.03,0.55
2024-05-29,600740,4.41,4.46,4.51,4.39,162118,73628674.0,2.7,0.45,0.02,0.63
2024-05-30,600740,4.46,4.4,4.5,4.39,179797,81064313.0,2.47,-1.35,-0.06,0.7
2024-05-31,600740,4.41,4.43,4.45,4.41,105480,47424200.0,0.91,0.68,0.03,0.41
2024-06-03,600740,4.43,4.31,4.43,4.27,187156,82204337.0,3.61,-2.71,-0.12,0.73
2024-06-04,600740,4.29,4.3,4.31,4.25,128280,55842147.0,1.39,-0.23,-0.01,0.5
2024-06-05,600740,4.28,4.19,4.3,4.19,133338,57489142.0,2.56,-2.56,-0.11,0.52
2024-06-06,600740,4.2,4.14,4.23,4.12,162110,68471763.0,2.63,-1.19,-0.05,0.63
2024-06-07,600740,4.16,4.27,4.28,4.16,169749,72908669.0,2.9,3.14,0.13,0.66
2024-06-11,600740,4.28,4.18,4.28,4.15,134874,57401205.0,3.04,-2.11,-0.09,0.53
2024-06-12,600740,4.18,4.25,4.27,4.16,133588,57287924.0,2.63,1.67,0.07,0.52
2024-06-13,600740,4.23,4.18,4.26,4.15,112017,47589073.0,2.59,-1.65,-0.07,0.44
2024-06-14,600740,4.15,4.18,4.19,4.14,97609,41354931.0,1.2,0.0,0.0,0.38
2024-06-17,600740,4.15,4.11,4.18,4.11,126130,53043480.0,1.67,-1.67,-0.07,0.49
2024-06-18,600740,4.11,4.12,4.14,4.1,82267,34426158.0,0.97,0.24,0.01,0.32
2024-06-19,600740,4.12,4.09,4.16,4.08,119047,49838150.0,1.94,-0.73,-0.03,0.46
2024-06-20,600740,4.1,4.06,4.14,4.05,113194,46527768.0,2.2,-0.73,-0.03,0.44
2024-06-21,600740,4.06,4.04,4.08,4.0,87929,35660341.0,1.97,-0.49,-0.02,0.34
2024-06-24,600740,4.02,3.87,4.02,3.86,149533,58920907.0,3.96,-4.21,-0.17,0.58
2024-06-25,600740,3.86,3.91,3.95,3.85,123835,48663179.0,2.58,1.03,0.04,0.48
2024-06-26,600740,3.93,3.98,3.99,3.89,101092,39995028.0,2.56,1.79,0.07,0.39
2024-06-27,600740,3.98,3.9,4.01,3.89,90830,35890924.0,3.02,-2.01,-0.08,0.35
2024-06-28,600740,3.91,3.9,3.96,3.89,76182,30068309.0,1.79,0.0,0.0,0.3
2024-07-01,600740,3.9,3.99,4.0,3.9,104616,41599081.0,2.56,2.31,0.09,0.41
2024-07-02,600740,3.99,3.99,4.01,3.95,89149,35700730.0,1.5,0.0,0.0,0.35
2024-07-03,600740,3.99,3.98,4.03,3.97,61653,24753083.0,1.5,-0.25,-0.01,0.24
2024-07-04,600740,3.98,3.9,4.0,3.89,94903,37450756.0,2.76,-2.01,-0.08,0.37
2024-07-05,600740,3.89,3.92,3.94,3.89,71656,28178727.0,1.28,0.51,0.02,0.28
2024-07-08,600740,3.92,3.79,3.93,3.78,113244,43596540.0,3.83,-3.32,-0.13,0.44
2024-07-09,600740,3.8,3.82,3.83,3.71,120722,45742560.0,3.17,0.79,0.03,0.47
2024-07-10,600740,3.8,3.65,3.8,3.64,170812,63328832.0,4.19,-4.45,-0.17,0.67
2024-07-11,600740,3.69,3.75,3.75,3.67,130724,48889947.0,2.19,2.74,0.1,0.51
2024-07-12,600740,3.74,3.72,3.79,3.7,105544,39673805.0,2.4,-0.8,-0.03,0.41
2024-07-15,600740,3.72,3.69,3.73,3.67,86585,32160229.0,1.61,-0.81,-0.03,0.34
2024-07-16,600740,3.68,3.65,3.69,3.63,92941,34135852.0,1.63,-1.08,-0.04,0.36
2024-07-17,600740,3.65,3.62,3.66,3.59,102166,37145424.0,1.92,-0.82,-0.03,0.4
2024-07-18,600740,3.61,3.62,3.64,3.56,105345,38174235.0,2.21,0.0,0.0,0.41
2024-07-19,600740,3.61,3.58,3.61,3.56,88544,31893205.0,1.38,-1.1,-0.04,0.35
2024-07-22,600740,3.58,3.54,3.59,3.52,94659,33751035.0,1.96,-1.12,-0.04,0.37
2024-07-23,600740,3.54,3.48,3.58,3.48,105931,37679692.0,2.82,-1.69,-0.06,0.41
2024-07-24,600740,3.49,3.44,3.5,3.42,143043,49637168.0,2.3,-1.15,-0.04,0.56
2024-07-25,600740,3.41,3.42,3.45,3.39,106310,36505478.0,1.74,-0.58,-0.02,0.41
2024-07-26,600740,3.41,3.46,3.49,3.39,109099,37905060.0,2.92,1.17,0.04,0.43
2024-07-29,600740,3.48,3.45,3.48,3.43,61198,21306848.0,1.45,-0.29,-0.01,0.24
2024-07-30,600740,3.45,3.46,3.48,3.44,86413,30090951.0,1.16,0.29,0.01,0.34
2024-07-31,600740,3.47,3.61,3.61,3.46,154470,55288409.0,4.34,4.34,0.15,0.6
2024-08-01,600740,3.62,3.58,3.66,3.56,105334,38160045.0,2.77,-0.83,-0.03,0.41
2024-08-02,600740,3.55,3.59,3.64,3.55,93590,33899061.0,2.51,0.28,0.01,0.37
2024-08-05,600740,3.57,3.55,3.63,3.55,99165,35763894.0,2.23,-1.11,-0.04,0.39
2024-08-06,600740,3.58,3.62,3.63,3.57,93083,33721176.0,1.69,1.97,0.07,0.36
2024-08-07,600740,3.63,3.63,3.66,3.58,96204,35146703.0,2.21,0.28,0.01,0.38
2024-08-08,600740,3.63,3.67,3.68,3.61,106348,38957054.0,1.93,1.1,0.04,0.42
2024-08-09,600740,3.66,3.7,3.73,3.66,106679,39705500.0,1.91,0.82,0.03,0.42
2024-08-12,600740,3.7,3.65,3.7,3.61,104850,38531187.0,2.43,-1.35,-0.05,0.41
2024-08-13,600740,3.65,3.65,3.68,3.61,71696,26260294.0,1.92,0.0,0.0,0.28
2024-08-14,600740,3.63,3.58,3.65,3.58,74392,26980211.0,1.92,-1.92,-0.07,0.29
2024-08-15,600740,3.59,3.64,3.69,3.58,102627,37599994.0,3.07,1.68,0.06,0.4
2024-08-16,600740,3.63,3.59,3.65,3.58,79528,28851614.0,1.92,-1.37,-0.05,0.31
2024-08-19,600740,3.58,3.59,3.64,3.57,80583,29167299.0,1.95,0.0,0.0,0.31
2024-08-20,600740,3.58,3.51,3.59,3.49,98570,34997748.0,2.79,-2.23,-0.08,0.38
2024-08-21,600740,3.52,3.46,3.53,3.45,70259,24558229.0,2.28,-1.42,-0.05,0.27
2024-08-22,600740,3.45,3.44,3.48,3.44,59337,20644176.0,1.16,-0.58,-0.02,0.23
2024-08-23,600740,3.46,3.45,3.5,3.43,72057,25050886.0,2.03,0.29,0.01,0.28
2024-08-26,600740,3.45,3.53,3.53,3.43,77306,27137895.0,2.9,2.32,0.08,0.3
2024-08-27,600740,3.49,3.61,3.63,3.49,148319,53479630.0,3.97,2.27,0.08,0.58
2024-08-28,600740,3.61,3.59,3.67,3.58,120234,43809816.0,2.49,-0.55,-0.02,0.47
2024-08-29,600740,3.58,3.61,3.62,3.53,91919,33053062.0,2.51,0.56,0.02,0.36
2024-08-30,600740,3.59,3.61,3.66,3.58,101624,37086810.0,2.22,0.0,0.0,0.4
2024-09-02,600740,3.6,3.63,3.68,3.58,125471,46054542.0,2.77,0.55,0.02,0.49
2024-09-03,600740,3.61,3.57,3.66,3.57,108204,39239213.0,2.48,-1.65,-0.06,0.42
2024-09-04,600740,3.57,3.54,3.58,3.52,72506,25839504.0,1.68,-0.84,-0.03,0.28
2024-09-05,600740,3.52,3.51,3.57,3.49,78021,27602349.0,2.26,-0.85,-0.03,0.3
2024-09-06,600740,3.49,3.44,3.53,3.43,120661,42156056.0,2.85,-1.99,-0.07,0.47
2024-09-09,600740,3.43,3.38,3.47,3.37,108992,37164776.0,2.91,-1.74,-0.06,0.43
2024-09-10,600740,3.39,3.4,3.42,3.34,93135,31678205.0,2.37,0.59,0.02,0.36
2024-09-11,600740,3.38,3.38,3.39,3.34,70150,23752483.0,1.47,-0.59,-0.02,0.27
2024-09-12,600740,3.38,3.41,3.43,3.37,93037,31908695.0,1.78,0.89,0.03,0.36
2024-09-13,600740,3.42,3.41,3.45,3.4,73258,25230348.0,1.47,0.0,0.0,0.29
2024-09-18,600740,3.41,3.4,3.43,3.35,68226,23203166.0,2.35,-0.29,-0.01,0.27
2024-09-19,600740,3.42,3.56,3.56,3.38,157091,55268884.0,5.29,4.71,0.16,0.61
2024-09-20,600740,3.56,3.51,3.56,3.48,102212,35982329.0,2.25,-1.4,-0.05,0.4
2024-09-23,600740,3.49,3.51,3.52,3.48,63564,22394715.0,1.14,0.0,0.0,0.25
2024-09-24,600740,3.53,3.73,3.73,3.52,280517,103180565.0,5.98,6.27,0.22,1.09
2024-09-25,600740,3.78,3.74,3.87,3.73,234191,89345647.0,3.75,0.27,0.01,0.91
2024-09-26,600740,3.74,3.96,3.96,3.72,282433,109656082.0,6.42,5.88,0.22,1.1
2024-09-27,600740,4.06,4.1,4.12,4.0,250231,101999208.0,3.03,3.54,0.14,0.98
2024-09-30,600740,4.38,4.42,4.48,4.25,671542,295138584.0,5.61,7.8,0.32,2.62
2024-10-08,600740,4.85,4.51,4.85,4.34,703023,323137703.0,11.54,2.04,0.09,2.74
2024-10-09,600740,4.41,4.06,4.44,4.06,539833,228417817.0,8.43,-9.98,-0.45,2.11
2024-10-10,600740,4.07,4.22,4.35,4.06,440114,186598021.0,7.14,3.94,0.16,1.72
2024-10-11,600740,4.24,4.13,4.29,4.09,317606,134129962.0,4.74,-2.13,-0.09,1.24
2024-10-14,600740,4.14,4.21,4.26,4.12,228373,96231477.0,3.39,1.94,0.08,0.89
2024-10-15,600740,4.21,4.09,4.21,4.08,220774,91766046.0,3.09,-2.85,-0.12,0.86
2024-10-16,600740,4.07,4.09,4.14,4.04,156286,64131225.0,2.44,0.0,0.0,0.61
2024-10-17,600740,4.1,4.01,4.13,4.0,190778,77922110.0,3.18,-1.96,-0.08,0.74
2024-10-18,600740,4.02,4.08,4.12,3.95,291894,118064918.0,4.24,1.75,0.07,1.14
2024-10-21,600740,4.08,4.04,4.1,4.01,229795,93355280.0,2.21,-0.98,-0.04,0.9
2024-10-22,600740,4.04,4.07,4.07,4.0,178178,72337286.0,1.73,0.74,0.03,0.7
2024-10-23,600740,4.07,4.17,4.18,4.06,316984,131434921.0,2.95,2.46,0.1,1.24
2024-10-24,600740,4.12,4.12,4.15,4.09,191762,79188434.0,1.44,-1.2,-0.05,0.75
2024-10-25,600740,4.13,4.18,4.2,4.12,230007,96306246.0,1.94,1.46,0.06,0.9
2024-10-28,600740,4.17,4.29,4.3,4.14,332779,142095609.0,3.83,2.63,0.11,1.3
2024-10-29,600740,4.31,4.12,4.31,4.11,371175,155395487.0,4.66,-3.96,-0.17,1.45
2024-10-30,600740,4.12,4.11,4.16,4.08,187854,77645801.0,1.94,-0.24,-0.01,0.73
2024-10-31,600740,4.1,4.15,4.18,4.09,243541,101274390.0,2.19,0.97,0.04,0.95
2024-11-01,600740,4.14,4.14,4.2,4.1,238897,99850407.0,2.41,-0.24,-0.01,0.93
2024-11-04,600740,4.15,4.15,4.16,4.08,157051,65054429.0,1.93,0.24,0.01,0.61
2024-11-05,600740,4.16,4.22,4.23,4.14,286675,120817144.0,2.17,1.69,0.07,1.12
2024-11-06,600740,4.22,4.25,4.3,4.18,371924,158432332.0,2.84,0.71,0.03,1.45
2024-11-07,600740,4.23,4.4,4.4,4.21,461785,201341800.0,4.47,3.53,0.15,1.8
2024-11-08,600740,4.44,4.34,4.53,4.29,408109,178813698.0,5.45,-1.36,-0.06,1.59
2024-11-11,600740,4.33,4.3,4.34,4.23,278655,119624443.0,2.53,-0.92,-0.04,1.09
2024-11-12,600740,4.3,4.29,4.38,4.26,330436,143224239.0,2.79,-0.23,-0.01,1.29
2024-11-13,600740,4.26,4.27,4.32,4.22,239132,102359572.0,2.33,-0.47,-0.02,0.93
2024-11-14,600740,4.25,4.17,4.27,4.16,216342,91418264.0,2.58,-2.34,-0.1,0.84
2024-11-15,600740,4.15,4.14,4.21,4.12,202019,84467968.0,2.16,-0.72,-0.03,0.79
2024-11-18,600740,4.18,4.32,4.36,4.16,508781,219392144.0,4.83,4.35,0.18,1.99
2024-11-19,600740,4.28,4.28,4.31,4.19,320749,136851279.0,2.78,-0.93,-0.04,1.25
2024-11-20,600740,4.28,4.36,4.38,4.24,414777,180086664.0,3.27,1.87,0.08,1.62
2024-11-21,600740,4.35,4.35,4.38,4.3,221259,96286492.0,1.83,-0.23,-0.01,0.86
2024-11-22,600740,4.36,4.17,4.39,4.16,315608,135022066.0,5.29,-4.14,-0.18,1.23
2024-11-25,600740,4.17,4.19,4.22,4.12,183257,76712106.0,2.4,0.48,0.02,0.72
2024-11-26,600740,4.17,4.14,4.2,4.12,175689,73381815.0,1.91,-1.19,-0.05,0.69
2024-11-27,600740,4.13,4.15,4.15,4.02,204054,83758394.0,3.14,0.24,0.01,0.8
2024-11-28,600740,4.14,4.16,4.18,4.13,135402,56526912.0,1.2,0.24,0.01,0.53
2024-11-29,600740,4.14,4.18,4.21,4.11,170724,71526206.0,2.4,0.48,0.02,0.67
2024-12-02,600740,4.19,4.26,4.27,4.17,225282,95576111.0,2.39,1.91,0.08,0.88
2024-12-03,600740,4.27,4.26,4.27,4.2,176884,75298693.0,1.64,0.0,0.0,0.69
2024-12-04,600740,4.24,4.28,4.32,4.23,271301,116810787.0,2.11,0.47,0.02,1.06
2024-12-05,600740,4.27,4.29,4.3,4.25,172985,74287249.0,1.17,0.23,0.01,0.68
2024-12-06,600740,4.28,4.33,4.35,4.26,272801,118372724.0,2.1,0.93,0.04,1.06
2024-12-09,600740,4.33,4.27,4.37,4.25,290185,125413053.0,2.77,-1.39,-0.06,1.13
2024-12-10,600740,4.41,4.27,4.44,4.27,361126,156967679.0,3.98,0.0,0.0,1.41
2024-12-11,600740,4.27,4.36,4.36,4.26,336942,146795299.0,2.34,2.11,0.09,1.32
2024-12-12,600740,4.36,4.36,4.38,4.3,302542,131905934.0,1.83,0.0,0.0,1.18
2024-12-13,600740,4.34,4.21,4.34,4.2,450826,192142969.0,3.21,-3.44,-0.15,1.76
2024-12-16,600740,4.22,4.23,4.27,4.2,251901,107190414.0,1.66,0.48,0.02,0.98
2024-12-17,600740,4.23,4.16,4.26,4.14,234863,98608568.0,2.84,-1.65,-0.07,0.92
2024-12-18,600740,4.17,4.16,4.23,4.15,160739,67706643.0,1.92,0.0,0.0,0.63
2024-12-19,600740,4.13,4.09,4.13,4.05,255381,104812032.0,1.92,-1.68,-0.07,1.0
2024-12-20,600740,4.09,4.05,4.11,4.04,201976,82371072.0,1.71,-0.98,-0.04,0.79
2024-12-23,600740,4.04,3.98,4.06,3.98,179280,72324686.0,1.98,-1.73,-0.07,0.7
2024-12-24,600740,3.99,4.03,4.04,3.99,122501,49387681.0,1.26,1.26,0.05,0.48
2024-12-25,600740,4.03,4.04,4.04,3.99,132165,53343202.0,1.24,0.25,0.01,0.52
2024-12-26,600740,4.03,4.01,4.06,4.0,97580,39502394.0,1.49,-0.74,-0.03,0.38
2024-12-27,600740,4.01,4.04,4.06,3.99,117375,47593894.0,1.75,0.75,0.03,0.46
2024-12-30,600740,4.05,4.06,4.07,4.01,112136,45591385.0,1.49,0.5,0.02,0.44
2024-12-31,600740,4.06,4.01,4.11,4.0,237062,96697479.0,2.71,-1.23,-0.05,0.93
2025-01-02,600740,3.99,3.87,4.03,3.85,204911,81231865.0,4.49,-3.49,-0.14,0.8
2025-01-03,600740,3.89,3.87,3.96,3.85,161576,63298122.0,2.84,0.0,0.0,0.63
2025-01-06,600740,3.85,3.87,3.91,3.81,118496,45964983.0,2.58,0.0,0.0,0.46
2025-01-07,600740,3.87,3.83,3.88,3.78,124514,47883116.0,2.58,-1.03,-0.04,0.49
2025-01-08,600740,3.81,3.74,3.84,3.66,221890,83262459.0,4.7,-2.35,-0.09,0.87
2025-01-09,600740,3.72,3.72,3.74,3.69,96466,35982078.0,1.34,-0.53,-0.02,0.38
2025-01-10,600740,3.71,3.64,3.73,3.64,118406,43776244.0,2.42,-2.15,-0.08,0.46
2025-01-13,600740,3.64,3.67,3.67,3.61,93248,34235287.0,1.65,0.82,0.03,0.36
2025-01-14,600740,3.67,3.76,3.77,3.67,150355,56329026.0,2.72,2.45,0.09,0.59
2025-01-15,600740,3.74,3.72,3.75,3.69,122791,45828909.0,1.6,-1.06,-0.04,0.48
2025-01-16,600740,3.72,3.76,3.83,3.72,154709,58784650.0,2.96,1.08,0.04,0.6
2025-01-17,600740,3.75,3.78,3.79,3.73,101720,38479990.0,1.6,0.53,0.02,0.4
2025-01-20,600740,3.78,3.78,3.8,3.75,100472,38188824.0,1.32,0.0,0.0,0.39
2025-01-21,600740,3.78,3.73,3.8,3.72,88870,33464891.0,2.12,-1.32,-0.05,0.35
2025-01-22,600740,3.71,3.72,3.72,3.67,84023,31233706.0,1.34,-0.27,-0.01,0.33
2025-01-23,600740,3.73,3.73,3.8,3.73,106217,40202566.0,1.88,0.27,0.01,0.41
2025-01-24,600740,3.73,3.77,3.78,3.71,98004,37012119.0,1.88,1.07,0.04,0.38
2025-01-27,600740,3.77,3.8,3.86,3.77,130895,50335070.0,2.39,0.8,0.03,0.51
2025-02-05,600740,3.82,3.78,3.83,3.76,115804,44098840.0,1.84,-0.53,-0.02,0.45
2025-02-06,600740,3.77,3.79,3.79,3.73,100535,38052339.0,1.59,0.26,0.01,0.39
2025-02-07,600740,3.77,3.84,3.85,3.76,171790,65967157.0,2.37,1.32,0.05,0.67
2025-02-10,600740,3.83,3.83,3.88,3.81,151878,58519864.0,1.82,-0.26,-0.01,0.59
2025-02-11,600740,3.82,3.82,3.84,3.76,142053,54138579.0,2.09,-0.26,-0.01,0.55
2025-02-12,600740,3.8,3.82,3.86,3.78,123785,47509729.0,2.09,0.0,0.0,0.48
2025-02-13,600740,3.82,3.81,3.85,3.81,135573,52210384.0,1.05,-0.26,-0.01,0.53
2025-02-14,600740,3.81,3.79,3.83,3.78,102532,39201313.0,1.31,-0.52,-0.02,0.4
2025-02-17,600740,3.8,3.79,3.82,3.76,122600,46679103.0,1.58,0.0,0.0,0.48
2025-02-18,600740,3.78,3.73,3.79,3.71,120510,45422447.0,2.11,-1.58,-0.06,0.47
2025-02-19,600740,3.72,3.72,3.73,3.7,90231,33709603.0,0.8,-0.27,-0.01,0.35
2025-02-20,600740,3.72,3.73,3.74,3.69,138955,51875100.0,1.34,0.27,0.01,0.54
2025-02-21,600740,3.72,3.71,3.76,3.69,125842,47026201.0,1.88,-0.54,-0.02,0.49
2025-02-24,600740,3.7,3.74,3.76,3.69,154266,57878589.0,1.89,0.81,0.03,0.6
2025-02-25,600740,3.73,3.71,3.75,3.7,133739,49977968.0,1.34,-0.8,-0.03,0.52
2025-02-26,600740,3.7,3.78,3.79,3.7,185541,70048045.0,2.43,1.89,0.07,0.72
2025-02-27,600740,3.78,3.77,3.8,3.72,124230,46873607.0,2.12,-0.26,-0.01,0.48
2025-02-28,600740,3.75,3.74,3.79,3.72,133407,50340382.0,1.86,-0.8,-0.03,0.52
2025-03-03,600740,3.74,3.72,3.77,3.71,121158,45595160.0,1.6,-0.53,-0.02,0.47
2025-03-04,600740,3.71,3.69,3.72,3.67,132745,49209851.0,1.34,-0.81,-0.03,0.52
2025-03-05,600740,3.69,3.66,3.69,3.63,107340,39393039.0,1.63,-0.81,-0.03,0.42
2025-03-06,600740,3.65,3.68,3.68,3.64,120471,44354732.0,1.09,0.55,0.02,0.47
2025-03-07,600740,3.67,3.7,3.72,3.65,139639,51908288.0,1.9,0.54,0.02,0.55
2025-03-10,600740,3.7,3.74,3.77,3.69,165416,62229234.0,2.16,1.08,0.04,0.65
2025-03-11,600740,3.72,3.77,3.77,3.7,137202,51597238.0,1.87,0.8,0.03,0.54
2025-03-12,600740,3.77,3.74,3.79,3.73,137214,51686268.0,1.59,-0.8,-0.03,0.54
2025-03-13,600740,3.74,3.91,3.92,3.73,477966,183854012.0,5.08,4.55,0.17,1.87
2025-03-14,600740,3.88,3.89,3.89,3.83,283954,110241242.0,1.53,-0.51,-0.02,1.11
2025-03-17,600740,3.88,3.87,3.9,3.86,169514,66129197.0,1.03,-0.51,-0.02,0.66
2025-03-18,600740,3.87,3.84,3.88,3.83,144052,55682598.0,1.29,-0.78,-0.03,0.56
2025-03-19,600740,3.84,3.84,3.88,3.82,110797,42818178.0,1.56,0.0,0.0,0.43
2025-03-20,600740,3.83,3.93,3.98,3.83,311118,122713022.0,3.91,2.34,0.09,1.21
2025-03-21,600740,3.9,3.9,3.96,3.87,191728,75420095.0,2.29,-0.76,-0.03,0.75
2025-03-24,600740,3.9,3.9,3.94,3.83,202216,79091574.0,2.82,0.0,0.0,0.79
2025-03-25,600740,3.88,3.94,3.95,3.87,184488,72771111.0,2.05,1.03,0.04,0.72
2025-03-26,600740,3.94,3.94,3.96,3.91,148122,58625763.0,1.27,0.0,0.0,0.58
2025-03-27,600740,3.93,3.9,3.95,3.88,131169,51386357.0,1.78,-1.02,-0.04,0.51
2025-03-28,600740,3.88,3.82,3.89,3.81,165534,63782182.0,2.05,-2.05,-0.08,0.65
2025-03-31,600740,3.81,3.74,3.82,3.73,182404,69006823.0,2.36,-2.09,-0.08,0.71
2025-04-01,600740,3.73,3.81,3.82,3.73,127414,48585005.0,2.41,1.87,0.07,0.5
2025-04-02,600740,3.82,3.78,3.83,3.76,91009,34659797.0,1.84,-0.79,-0.03,0.36
2025-04-03,600740,3.76,3.81,3.82,3.74,118038,45035674.0,2.12,0.79,0.03,0.46
2025-04-07,600740,3.65,3.43,3.72,3.43,301940,107356893.0,7.61,-9.97,-0.38,1.18
2025-04-08,600740,3.44,3.49,3.52,3.43,291045,101585601.0,2.62,1.75,0.06,1.14
2025-04-09,600740,3.46,3.49,3.5,3.35,236592,81773571.0,4.3,0.0,0.0,0.92
2025-04-10,600740,3.53,3.53,3.56,3.5,192482,68499053.0,1.72,1.15,0.04,0.75
2025-04-11,600740,3.51,3.55,3.58,3.49,138446,49339168.0,2.55,0.57,0.02,0.54
2025-04-14,600740,3.56,3.61,3.62,3.55,136946,49333097.0,1.97,1.69,0.06,0.53
2025-04-15,600740,3.6,3.57,3.61,3.55,95372,34177195.0,1.66,-1.11,-0.04,0.37
2025-04-16,600740,3.57,3.55,3.59,3.51,124795,44388094.0,2.24,-0.56,-0.02,0.49
2025-04-17,600740,3.52,3.57,3.6,3.51,95448,34247877.0,2.54,0.56,0.02,0.37
2025-04-18,600740,3.57,3.55,3.57,3.51,83893,29876048.0,1.68,-0.56,-0.02,0.33
2025-04-21,600740,3.56,3.57,3.58,3.54,83863,30056495.0,1.13,0.56,0.02,0.33
2025-04-22,600740,3.57,3.59,3.6,3.56,112951,40677724.0,1.12,0.56,0.02,0.44
2025-04-23,600740,3.59,3.57,3.62,3.56,111762,40287873.0,1.67,-0.56,-0.02,0.44
2025-04-24,600740,3.56,3.61,3.63,3.56,130743,47390892.0,1.96,1.12,0.04,0.51
2025-04-25,600740,3.55,3.53,3.57,3.5,185802,66040108.0,1.94,-2.22,-0.08,0.73
2025-04-28,600740,3.52,3.47,3.52,3.46,160429,56177645.0,1.7,-1.7,-0.06,0.63
2025-04-29,600740,3.46,3.49,3.53,3.45,112651,39642865.0,2.31,0.58,0.02,0.44
2025-04-30,600740,3.5,3.46,3.52,3.46,89418,31336411.0,1.72,-0.86,-0.03,0.35
2025-05-06,600740,3.48,3.51,3.51,3.47,119571,42009212.0,1.16,1.45,0.05,0.47
2025-05-07,600740,3.52,3.56,3.57,3.52,144607,51647741.0,1.42,1.42,0.05,0.56
2025-05-08,600740,3.56,3.54,3.57,3.53,89571,31978476.0,1.12,-0.56,-0.02,0.35
2025-05-09,600740,3.55,3.51,3.55,3.5,106472,37677935.0,1.41,-0.85,-0.03,0.42
2025-05-12,600740,3.52,3.53,3.53,3.5,95605,33805778.0,0.85,0.57,0.02,0.37
2025-05-13,600740,3.55,3.55,3.57,3.53,131542,46957581.0,1.13,0.57,0.02,0.51
2025-05-14,600740,3.56,3.61,3.62,3.54,185733,66914942.0,2.25,1.69,0.06,0.72
2025-05-15,600740,3.61,3.59,3.67,3.58,168806,61477243.0,2.49,-0.55,-0.02,0.66
2025-05-16,600740,3.59,3.57,3.62,3.56,120253,43279080.0,1.67,-0.56,-0.02,0.47
2025-05-19,600740,3.58,3.61,3.62,3.57,125526,45417624.0,1.4,1.12,0.04,0.49
2025-05-20,600740,3.62,3.6,3.62,3.57,103024,37163185.0,1.39,-0.28,-0.01,0.4
2025-05-21,600740,3.59,3.62,3.65,3.59,169619,61887006.0,1.67,0.56,0.02,0.66
2025-05-22,600740,3.61,3.55,3.63,3.54,132483,47598217.0,2.49,-1.93,-0.07,0.52
2025-05-23,600740,3.56,3.53,3.58,3.51,115661,41245681.0,1.97,-0.56,-0.02,0.45
2025-05-26,600740,3.51,3.52,3.54,3.5,80040,28344741.0,1.13,-0.28,-0.01,0.31
2025-05-27,600740,3.51,3.53,3.54,3.48,134705,47495268.0,1.7,0.28,0.01,0.53
2025-05-28,600740,3.53,3.54,3.56,3.52,92383,32866300.0,1.13,0.28,0.01,0.36
2025-05-29,600740,3.53,3.56,3.58,3.52,79708,28519256.0,1.69,0.56,0.02,0.31
2025-05-30,600740,3.56,3.51,3.57,3.5,99728,35345971.0,1.97,-1.4,-0.05,0.39
2025-06-03,600740,3.51,3.51,3.54,3.5,97715,34526022.0,1.14,0.0,0.0,0.38
2025-06-04,600740,3.53,3.61,3.62,3.51,219489,78922348.0,3.13,2.85,0.1,0.86
2025-06-05,600740,3.6,3.57,3.62,3.55,156067,56056401.0,1.94,-1.11,-0.04,0.61
2025-06-06,600740,3.6,3.59,3.63,3.57,134831,48822039.0,1.68,0.56,0.02,0.53
2025-06-09,600740,3.57,3.61,3.61,3.55,102802,37127512.0,1.67,0.56,0.02,0.4
2025-06-10,600740,3.6,3.58,3.62,3.56,107394,38761438.0,1.66,-0.83,-0.03,0.42
2025-06-11,600740,3.58,3.6,3.63,3.58,113007,41021094.0,1.4,0.56,0.02,0.44
2025-06-12,600740,3.59,3.58,3.6,3.56,100830,36302240.0,1.11,-0.56,-0.02,0.39
2025-06-13,600740,3.59,3.61,3.64,3.57,207919,75576295.0,1.96,0.84,0.03,0.81
2025-06-16,600740,3.69,3.69,3.78,3.65,334089,124304150.0,3.6,2.22,0.08,1.3
2025-06-17,600740,3.69,3.71,3.73,3.64,239673,88895647.0,2.44,0.54,0.02,0.94
2025-06-18,600740,3.72,3.65,3.74,3.64,148263,54844480.0,2.7,-1.62,-0.06,0.58
2025-06-19,600740,3.64,3.59,3.66,3.53,185113,66326907.0,3.56,-1.64,-0.06,0.72
2025-06-20,600740,3.59,3.58,3.63,3.57,116470,41987022.0,1.67,-0.28,-0.01,0.45
2025-06-23,600740,3.58,3.65,3.66,3.56,153845,55833311.0,2.79,1.96,0.07,0.6
2025-06-24,600740,3.63,3.64,3.65,3.59,151895,55067187.0,1.64,-0.27,-0.01,0.59
2025-06-25,600740,3.64,3.66,3.66,3.61,127216,46217519.0,1.37,0.55,0.02,0.5
2025-06-26,600740,3.65,3.64,3.7,3.63,117356,42912664.0,1.91,-0.55,-0.02,0.46
2025-06-27,600740,3.69,3.73,3.79,3.68,242535,90405504.0,3.02,2.47,0.09,0.95
2025-06-30,600740,3.73,3.71,3.75,3.7,105198,39098892.0,1.34,-0.54,-0.02,0.41
2025-07-01,600740,3.71,3.7,3.72,3.67,109617,40450131.0,1.35,-0.27,-0.01,0.43
2025-07-02,600740,3.7,3.8,3.8,3.68,316366,119000699.0,3.24,2.7,0.1,1.23
2025-07-03,600740,3.78,3.79,3.84,3.75,174372,66014929.0,2.37,-0.26,-0.01,0.68
2025-07-04,600740,3.78,3.76,3.82,3.75,166284,62904965.0,1.85,-0.79,-0.03,0.65
2025-07-07,600740,3.74,3.76,3.78,3.74,110104,41365075.0,1.06,0.0,0.0,0.43
2025-07-08,600740,3.75,3.8,3.8,3.74,160007,60334906.0,1.6,1.06,0.04,0.62
2025-07-09,600740,3.81,3.85,3.88,3.8,315986,121351440.0,2.11,1.32,0.05,1.23
2025-07-10,600740,3.84,3.95,3.98,3.84,433493,169632547.0,3.64,2.6,0.1,1.69
2025-07-11,600740,3.99,4.02,4.08,3.89,510605,202803183.0,4.81,1.77,0.07,1.99
2025-07-14,600740,4.02,3.98,4.04,3.95,387500,154844878.0,2.24,-1.0,-0.04,1.51
2025-07-15,600740,3.96,3.83,3.97,3.81,332049,128521612.0,4.02,-3.77,-0.15,1.3
2025-07-16,600740,3.82,3.8,3.84,3.77,178412,67742512.0,1.83,-0.78,-0.03,0.7
2025-07-17,600740,3.82,3.85,3.86,3.8,194037,74334790.0,1.58,1.32,0.05,0.76
2025-07-18,600740,3.86,3.91,3.96,3.86,269138,105566625.0,2.6,1.56,0.06,1.05
2025-07-21,600740,3.94,4.02,4.05,3.93,426302,171128646.0,3.07,2.81,0.11,1.66
2025-07-22,600740,4.08,4.27,4.33,4.0,978459,408840471.0,8.21,6.22,0.25,3.82
2025-07-23,600740,4.39,4.15,4.42,4.14,863616,366875882.0,6.56,-2.81,-0.12,3.37
2025-07-24,600740,4.17,4.25,4.27,4.06,606323,253455760.0,5.06,2.41,0.1,2.37
2025-07-25,600740,4.25,4.19,4.32,4.16,495177,208406869.0,3.76,-1.41,-0.06,1.93
2025-07-28,600740,4.06,4.03,4.1,4.01,423143,171052342.0,2.15,-3.82,-0.16,1.65
2025-07-29,600740,4.02,4.07,4.07,3.97,300871,120761777.0,2.48,0.99,0.04,1.17
2025-07-30,600740,4.12,4.03,4.14,4.03,300340,122663219.0,2.7,-0.98,-0.04,1.17
2025-07-31,600740,4.02,3.9,4.02,3.89,364827,143257215.0,3.23,-3.23,-0.13,1.42
2025-08-01,600740,3.91,3.93,3.96,3.9,167250,65714497.0,1.54,0.77,0.03,0.65
2025-08-04,600740,3.91,3.94,3.96,3.89,167193,65603715.0,1.78,0.25,0.01,0.65
2025-08-05,600740,3.93,4.03,4.03,3.92,253809,100705986.0,2.79,2.28,0.09,0.99
2025-08-06,600740,4.0,4.09,4.13,3.99,390951,159861730.0,3.47,1.49,0.06,1.53
2025-08-07,600740,4.09,4.05,4.09,4.0,231084,93458681.0,2.2,-0.98,-0.04,0.9
2025-08-08,600740,4.03,4.05,4.07,4.01,167121,67456875.0,1.48,0.0,0.0,0.65
2025-08-11,600740,4.06,4.08,4.09,4.04,198388,80624946.0,1.23,0.74,0.03,0.77
2025-08-12,600740,4.1,4.12,4.14,4.07,240278,98585102.0,1.72,0.98,0.04,0.94
2025-08-13,600740,4.11,4.08,4.12,4.06,213386,87156691.0,1.46,-0.97,-0.04,0.83
2025-08-14,600740,4.06,3.98,4.07,3.98,243619,97811418.0,2.21,-2.45,-0.1,0.95
2025-08-15,600740,3.98,4.01,4.02,3.98,176497,70555702.0,1.01,0.75,0.03,0.69
2025-08-18,600740,4.02,3.97,4.04,3.96,279947,111644217.0,2.0,-1.0,-0.04,1.09
2025-08-19,600740,3.96,3.98,3.99,3.94,155227,61703424.0,1.26,0.25,0.01,0.61
2025-08-20,600740,3.96,4.0,4.01,3.95,157167,62555172.0,1.51,0.5,0.02,0.61
2025-08-21,600740,4.0,4.02,4.04,3.99,194493,77994467.0,1.25,0.5,0.02,0.76
2025-08-22,600740,4.0,3.99,4.02,3.94,246935,98107232.0,1.99,-0.75,-0.03,0.96
2025-08-25,600740,4.01,4.08,4.11,4.0,382794,155748226.0,2.76,2.26,0.09,1.49
2025-08-26,600740,4.15,4.17,4.25,4.13,583988,244299099.0,2.94,2.21,0.09,2.28
2025-08-27,600740,4.15,3.98,4.15,3.98,470415,190554606.0,4.08,-4.56,-0.19,1.84
2025-08-28,600740,3.98,3.97,4.01,3.9,264605,104716561.0,2.76,-0.25,-0.01,1.03
2025-08-29,600740,3.97,3.93,4.0,3.91,237673,93939227.0,2.27,-1.01,-0.04,0.93
2025-09-01,600740,3.94,3.95,3.97,3.89,163500,64429866.0,2.04,0.51,0.02,0.64
2025-09-02,600740,3.96,3.93,3.96,3.9,170481,66806316.0,1.52,-0.51,-0.02,0.67
2025-09-03,600740,3.93,3.86,3.95,3.85,174791,67950126.0,2.54,-1.78,-0.07,0.68
2025-09-04,600740,3.84,3.88,3.89,3.82,159967,61696511.0,1.81,0.52,0.02,0.62
2025-09-05,600740,3.89,3.94,3.95,3.85,167363,65205149.0,2.58,1.55,0.06,0.65
2025-09-08,600740,3.91,3.92,3.93,3.88,180493,70509603.0,1.27,-0.51,-0.02,0.7
2025-09-09,600740,3.92,3.91,3.96,3.9,154137,60553112.0,1.53,-0.26,-0.01,0.6
2025-09-10,600740,3.91,3.89,3.92,3.87,170573,66385770.0,1.28,-0.51,-0.02,0.67
2025-09-11,600740,3.89,3.9,3.9,3.86,182769,70904241.0,1.03,0.26,0.01,0.71
2025-09-12,600740,3.89,3.95,3.97,3.87,246636,96793789.0,2.56,1.28,0.05,0.96
2025-09-15,600740,3.94,4.03,4.06,3.91,359896,143843841.0,3.8,2.03,0.08,1.4
2025-09-16,600740,4.1,4.08,4.17,4.06,494497,202901566.0,2.73,1.24,0.05,1.93
2025-09-17,600740,4.06,4.09,4.11,4.02,349710,142353191.0,2.21,0.25,0.01,1.36
2025-09-18,600740,4.08,4.01,4.12,3.98,360228,146295880.0,3.42,-1.96,-0.08,1.41
2025-09-19,600740,4.01,4.04,4.06,3.97,260801,104947733.0,2.24,0.75,0.03,1.02
2025-09-22,600740,4.03,3.98,4.05,3.95,203568,80904614.0,2.48,-1.49,-0.06,0.79
2025-09-23,600740,3.97,3.92,3.97,3.84,250210,97467894.0,3.27,-1.51,-0.06,0.98
2025-09-24,600740,3.91,3.95,3.96,3.89,158557,62174037.0,1.79,0.77,0.03,0.62
2025-09-25,600740,3.94,3.93,3.96,3.88,190688,74690271.0,2.03,-0.51,-0.02,0.74
2025-09-26,600740,3.93,3.93,3.97,3.91,187875,74044048.0,1.53,0.0,0.0,0.73
2025-09-29,600740,3.9,3.89,3.91,3.82,210937,81562662.0,2.29,-1.02,-0.04,0.82
2025-09-30,600740,3.87,3.89,3.93,3.86,131836,51367105.0,1.8,0.0,0.0,0.51
2025-10-09,600740,3.89,4.07,4.07,3.88,338453,135055639.0,4.88,4.63,0.18,1.32
2025-10-10,600740,4.06,4.13,4.18,4.01,514576,211948467.0,4.18,1.47,0.06,2.01
2025-10-13,600740,4.05,4.1,4.11,4.02,362416,147391227.0,2.18,-0.73,-0.03,1.41
2025-10-14,600740,4.09,4.14,4.17,4.08,398368,164829286.0,2.2,0.98,0.04,1.55
2025-10-15,600740,4.15,4.11,4.16,4.1,301947,124465094.0,1.45,-0.72,-0.03,1.18
2025-10-16,600740,4.1,4.18,4.21,4.1,521610,217052882.0,2.68,1.7,0.07,2.04
2025-10-17,600740,4.15,4.15,4.25,4.14,475800,199881081.0,2.63,-0.72,-0.03,1.86
2025-10-20,600740,4.2,4.34,4.34,4.17,803655,342977264.0,4.1,4.58,0.19,3.14
2025-10-21,600740,4.3,4.24,4.3,4.11,694794,292839391.0,4.38,-2.3,-0.1,2.71
2025-10-22,600740,4.22,4.17,4.26,4.14,434218,181335138.0,2.83,-1.65,-0.07,1.69
2025-10-23,600740,4.17,4.59,4.59,4.16,1742834,778676532.0,10.31,10.07,0.42,6.8
2025-10-24,600740,4.48,4.25,4.48,4.25,1439792,622516508.0,5.01,-7.41,-0.34,5.62
2025-10-27,600740,4.3,4.29,4.36,4.16,892614,381374829.0,4.71,0.94,0.04,3.48
2025-10-28,600740,4.23,4.35,4.37,4.17,864236,367729918.0,4.66,1.4,0.06,3.37
2025-10-29,600740,4.29,4.45,4.56,4.27,1047634,462481215.0,6.67,2.3,0.1,4.09
2025-10-30,600740,4.43,4.29,4.46,4.28,751440,326652502.0,4.04,-3.6,-0.16,2.93
2025-10-31,600740,4.26,4.27,4.31,4.24,409166,174812119.0,1.63,-0.47,-0.02,1.6
2025-11-03,600740,4.27,4.34,4.38,4.24,525466,227142376.0,3.28,1.64,0.07,2.05
2025-11-04,600740,4.3,4.31,4.38,4.28,383387,165796137.0,2.3,-0.69,-0.03,1.5
2025-11-05,600740,4.28,4.39,4.49,4.27,736649,324990477.0,5.1,1.86,0.08,2.88
2025-11-06,600740,4.39,4.46,4.52,4.36,726510,324077046.0,3.64,1.59,0.07,2.84
2025-11-07,600740,4.41,4.43,4.49,4.36,598948,263963605.0,2.91,-0.67,-0.03,2.34
2025-11-10,600740,4.45,4.43,4.49,4.4,502859,223516913.0,2.03,0.0,0.0,1.96
2025-11-11,600740,4.4,4.46,4.47,4.33,493872,217221356.0,3.16,0.68,0.03,1.93
2025-11-12,600740,4.41,4.37,4.46,4.35,389777,170708281.0,2.47,-2.02,-0.09,1.52
2025-11-13,600740,4.35,4.51,4.53,4.35,672639,300583634.0,4.12,3.2,0.14,2.63
2025-11-14,600740,4.51,4.53,4.57,4.45,484836,218221887.0,2.66,0.44,0.02,1.89
2025-11-17,600740,4.49,4.59,4.65,4.47,701066,319387529.0,3.97,1.32,0.06,2.74
2025-11-18,600740,4.55,4.3,4.55,4.27,719886,313629308.0,6.1,-6.32,-0.29,2.81
2025-11-19,600740,4.28,4.22,4.33,4.2,328711,139069995.0,3.02,-1.86,-0.08,1.28
2025-11-20,600740,4.21,4.17,4.24,4.17,265991,111707288.0,1.66,-1.18,-0.05,1.04
2025-11-21,600740,4.15,3.97,4.18,3.96,390250,158160605.0,5.28,-4.8,-0.2,1.52
2025-11-24,600740,3.98,3.97,4.02,3.93,204309,81044814.0,2.27,0.0,0.0,0.8
2025-11-25,600740,3.97,4.01,4.03,3.95,204234,81635944.0,2.02,1.01,0.04,0.8
2025-11-26,600740,4.0,4.0,4.03,3.97,180728,72435667.0,1.5,-0.25,-0.01,0.71
2025-11-27,600740,4.0,3.98,4.01,3.98,164067,65572529.0,0.75,-0.5,-0.02,0.64
2025-11-28,600740,3.97,4.01,4.02,3.96,162872,65042794.0,1.51,0.75,0.03,0.64
